4255
2519
5906
1649
3319
1842
2657
4347
1629
3352
3330
1182
2367
2762
218
4342
1766
1473
3860
970
2128
3366
4455
4719
5427
341
3638
1372
253
3988
4581
4529
3630
3089
277
513
4957
3652
2602
2885
1294
803
4202
1978
735
3337
1970
373
2264
3400
3439
3471
3260
4600
1031
5478
5231
3631
2378
139
4768
3147
2823
4371
5010
4042
311
2053
870
3416
4969
227
2833
5857
192
2867
2131
4865
220
1560
162
4525
338
3726
4822
1451
5034
5915
3905
1402
2411
2008
4339
530
4619
2696
1815
5644
3843
3518
67
4588
3757
3049
483
4947
4515
4507
3659
4746
2476
4670
1741
5502
3568
3051
5869
3996
651
879
4542
5244
1011
2591
372
3071
4492
1177
847
1727
4293
3025
1115
449
638
655
5448
4604
3178
2674
1571
247
3766
1357
4984
3172
1127
3859
3658
147
2349
545
3464
2117
4218
5243
2979
3626
2049
213
5904
427
2335
4196
5728
607
5302
1854
1860
703
5848
1588
1987
4952
3521
5942
848
5735
3526
3428
293
1818
4466
4564
1515
1641
3302
3398
5519
3730
4361
185
1438
4578
2677
664
5148
4747
5570
5659
1582
3725
726
2172
5598
819
691
4473
5887
3078
3848
3753
5374
2136
5202
1997
1262
4863
429
2739
5311
1261
3393
5078
1446
1767
3056
4931
2985
2866
136
2754
2356
1858
466
3515
2763
1348
2715
5763
4856
3625
5768
1396
2263
702
1327
4348
2840
5365
3379
1056
2976
2898
1998
5614
48
3236
815
617
4023
1254
5620
4174
4517
3082
1028
2026
3871
5825
3087
5220
1764
5840
5195
5883
4566
1573
211
409
3985
4147
5585
1813
3822
4708
4524
5001
4126
721
2808
3348
2340
2396
3094
4602
4379
3524
882
1783
3586
5530
1569
2314
205
3854
5756
3413
855
39
5114
1368
82
2882
4632
3805
896
2141
1521
4839
1745
3113
1785
3350
1400
2977
3668
4300
497
1598
708
2766
3865
443
654
4310
937
1659
3813
3102
1366
5067
2570
2320
4415
3036
2864
5539
1856
1826
1530
3007
1850
1835
1089
1722
4845
1578
5726
2010
2002
1910
163
3367
3714
1124
4239
2145
2620
4938
4705
186
379
4128
3765
2737
660
4664
5290
5805
1159
1146
3380
590
928
3852
3181
2815
3039
4547
5544
2969
2149
2296
2154
5744
4291
305
2416
1098
5406
2185
2362
318
2788
1555
3130
798
4458
404
426
4040
4256
2574
2209
5708
1962
1130
2913
4659
4447
1514
4039
342
1704
5106
1994
1307
1074
738
1810
4855
2684
3721
5770
5716
742
4355
3285
1861
5798
5347
1715
4049
4136
5733
5490
292
3427
3284
2211
261
4078
976
4099
799
5320
3840
4924
2961
3212
3118
193
520
2252
1448
5924
2577
2527
329
4981
35
4908
610
3217
4201
4510
4479
5496
5160
2813
2468
91
1617
43
877
4234
3782
2464
3878
4272
1859
4362
4051
4320
5512
381
4745
597
5212
246
3785
454
2541
5779
3554
1117
2487
2758
3727
2653
1580
4993
4409
5262
1195
3487
2709
1290
1508
4285
1310
5495
3264
1389
1770
5023
5807
3540
1381
4761
4758
3792
4592
820
585
1482
3493
4827
1631
2100
4711
5093
2993
1723
4002
5323
904
189
360
2889
3329
3042
2642
874
2150
2647
4992
1032
3239
2553
3274
5065
2126
2260
2029
5203
2350
4690
2724
2391
4552
3195
4948
4075
3169
1283
3546
5269
1518
1363
5742
516
4259
1461
1066
2079
4251
601
1369
4038
1717
4003
88
1121
2530
5561
5257
5677
1686
5098
1609
5204
3707
286
5125
3653
2859
4359
2599
1926
994
1095
3743
5545
4364
863
5782
3711
5103
5153
4885
4941
5328
4199
5349
3677
3443
5679
4915
5356
1742
5383
1268
1354
5824
3744
1324
1346
4081
5836
674
5175
3590
5841
5849
1408
2521
950
2228
2619
5516
2481
3322
315
1748
4316
3925
3073
3585
5692
1122
4859
2083
4612
4668
1457
5933
1260
3768
3918
52
525
1405
2806
2949
927
842
1765
4057
2881
5589
2385
5937
5828
5604
2099
1337
5333
5776
776
5552
3559
2958
190
5812
58
737
4861
5246
5017
4369
1362
3092
3972
5196
2023
4172
1795
5846
456
3915
1790
1285
1838
2124
1449
5874
126
2733
2311
797
3209
141
5573
3509
2569
76
4179
5223
415
3040
4918
3963
956
548
868
809
1358
446
4231
745
3167
4953
2125
1224
5316
2550
4148
1318
2429
1500
632
1156
2740
1060
4864
4613
5385
1507
562
565
5361
2095
3440
2273
1829
4724
4356
4491
2280
4180
3191
3175
5336
5594
1830
2675
2572
4607
4802
5280
697
1360
4860
709
5731
5090
2582
475
3423
2978
2511
5207
5475
53
3837
4211
3174
5664
5843
4554
1417
1623
4219
3967
5945
5460
1478
645
3931
4010
3977
4357
1340
5363
5222
5084
2940
1919
4403
4673
1194
1412
143
1880
4031
2175
829
4773
3656
5934
2250
5179
4667
2953
1562
1923
1055
3268
3193
4233
486
12
1380
5581
750
554
296
5070
5528
4733
4720
4471
1883
2238
4606
3024
5066
1370
1373
4377
1374
3022
2691
465
2563
3981
5686
4961
5009
4481
4597
988
5734
2683
5174
2277
509
5410
3715
2119
4697
2779
5339
74
2284
5118
3713
1752
4536
2392
3992
3220
340
4877
3205
3952
3709
4701
1735
5423
1950
5896
4474
3644
5401
1896
1971
313
3704
2182
5375
1140
1864
152
3303
330
3448
1286
1057
5492
394
3907
3385
604
1398
3461
494
2244
5595
4521
4716
1437
4546
4121
2523
4804
1948
2982
3798
5018
5013
2748
1305
3333
2112
2726
2954
5687
4519
3762
5097
676
5771
4388
3538
4452
4295
4769
5393
5289
4753
5295
1592
1151
4618
4911
4833
5184
1027
2330
3620
1394
3215
4253
3530
2234
5608
3320
2959
1801
399
5047
2918
55
4058
1496
4048
4221
2267
5261
4927
1993
3560
4579
1630
3422
3624
4987
2608
5563
1029
2444
40
951
1788
3486
5210
5218
2315
1945
4909
216
4480
1789
4794
3870
1120
4498
3214
5201
644
62
4558
1585
265
2870
5919
851
210
1296
5172
634
408
2407
4755
202
42
160
1233
4608
2394
2208
398
1176
899
3728
804
2598
5815
3670
1276
2860
2261
999
1256
4945
1243
2393
1049
3808
2933
271
1211
3886
4958
1759
5461
3110
1564
3317
2347
4725
242
1442
2681
5913
4158
5266
4151
269
2152
4590
4308
1740
656
32
4185
4209
3685
4998
2460
2665
3143
467
990
518
2404
291
1458
1316
2241
975
4117
5596
5767
834
4263
3550
5673
5672
4906
3823
2052
4935
5149
1284
1868
1725
2782
178
909
5808
3622
568
2713
4899
1594
5751
1544
3491
397
361
5785
4503
4252
1540
2975
3077
282
5853
675
3803
3163
1517
3201
5760
396
573
5784
636
5674
2339
850
1367
4799
1846
5080
566
1662
948
4321
1096
5792
4762
2629
135
5135
754
5391
5666
1477
197
142
2090
700
492
2586
1986
1870
830
2375
1205
3869
2884
3499
447
5159
1082
2214
4694
3933
5217
3955
681
5285
3531
967
992
3923
3399
1033
4994
1516
4482
915
4735
4119
5284
5389
1199
1441
4756
4723
2060
95
4655
2226
1162
118
845
2470
4286
2491
3125
3745
4182
4281
5572
5850
1753
380
2923
2331
673
5354
671
5856
3832
733
3987
333
2304
4834
2377
1054
3249
3809
2676
5920
3075
5449
3820
2177
3066
3436
3474
747
4796
5838
1820
753
2140
4704
4304
2445
2307
1411
4001
1320
5298
1596
3258
3816
1077
4101
890
3545
4825
2946
4851
1557
3747
499
2886
2700
3749
5639
4284
3806
3611
3597
257
1677
534
3417
1646
1804
801
2871
3372
5748
2790
1020
606
3682
478
583
2475
4373
1996
1566
2469
2153
3883
4405
2545
166
3254
2537
4203
4560
5168
2366
3775
1710
1317
544
4312
3897
5111
1474
4520
5638
2500
1403
3555
4533
1916
2922
846
728
2471
5761
317
3392
4770
1430
5701
4385
5286
4574
3091
5462
3050
4803
100
4843
3936
2415
3084
3128
2258
1525
4629
1716
133
4440
1191
542
736
2666
2489
1249
2093
1866
1625
1940
1445
3642
3457
4302
417
3790
4643
4131
4638
1109
1128
260
2638
4875
3697
328
922
1676
787
226
129
5329
345
978
2025
5249
2992
5720
2641
5215
1635
107
501
3635
5806
960
4044
2020
1576
3895
2295
4928
5321
4270
4652
5155
619
5332
1017
810
2718
2839
3053
1489
3018
838
789
4729
4780
3914
416
2893
0
3681
177
5895
3183
941
5557
2196
1040
3613
5877
4676
2363
5050
3353
123
3155
3204
1656
5493
117
3930
2184
1958
5651
944
5837
669
3484
5132
5927
537
5294
4324
2384
1524
5822
5661
690
1891
3938
2543
200
5652
4867
2146
2371
3781
4170
2137
1185
1481
204
3186
3041
1281
3875
916
1413
1427
3105
2727
2042
4731
5800
731
2853
3502
3445
2760
4489
1431
1304
438
4901
4568
3887
3048
4887
2796
5627
4055
4942
711
1084
5641
1169
4672
2316
4392
3953
3595
4188
174
209
4444
2279
3621
771
1701
3277
3103
3390
316
5535
1964
1350
818
324
2019
31
3144
1336
1142
5829
5419
4365
1974
4027
2365
4432
4301
69
2266
4441
2966
303
1806
2743
2038
4329
3227
637
505
1259
4164
1070
1277
4351
2932
5835
770
5802
5437
4837
5741
5021
2004
3402
4974
2265
5864
1979
2037
5335
969
2997
3814
1104
5685
5817
983
188
1227
1459
1523
5556
4328
5566
1612
4639
686
1450
5350
3291
4413
659
995
2303
4236
1432
775
350
473
522
2170
5745
2046
4325
3266
911
1145
176
4713
3722
5283
1265
945
1590
2057
667
3032
1778
4693
2614
2388
5092
4297
2575
2636
4776
2242
421
3256
3158
2609
5297
5113
3297
547
5145
1078
1436
663
5072
1990
2180
1674
5242
3265
4586
779
1769
453
3324
1542
4531
1152
5510
1984
2024
4801
1302
504
3609
4562
1365
1293
5867
905
512
500
1720
2618
5271
4897
5619
1108
2706
413
2576
5038
3553
5453
3141
2358
5152
4771
3207
4400
4178
5089
79
2863
4087
4902
1175
2601
2924
5801
4663
3437
856
3306
5112
1001
3543
3190
3336
4980
4343
2503
2865
2911
3675
1907
1878
5715
3563
3283
4212
812
4575
4631
3033
4035
5241
2513
665
5003
4086
4205
4071
1709
5565
5926
3752
4363
5675
1401
5723
2206
5288
1165
2995
7
723
1894
3508
496
889
99
4419
2162
5622
836
2831
4143
2791
769
4407
3444
5599
2410
5911
4456
5643
5863
4622
1703
718
241
3922
498
5549
4468
602
2828
5397
5465
5706
1537
3490
4037
3916
1918
2634
4890
3767
1319
3252
3557
1781
3867
3135
3286
206
3896
5804
2035
3703
5540
5208
4640
4923
2406
1762
5131
1333
1664
2745
3062
1080
758
4429
3341
3741
5772
2116
3599
1694
3057
4216
1347
5517
5388
5198
2457
5778
5278
3198
1670
946
3902
5020
1968
5567
3819
1050
5041
2328
349
5144
3904
2816
1531
4247
2672
5678
2721
623
3442
1811
3389
5199
5407
806
1471
2628
1150
825
2767
4036
1602
4496
60
595
2435
3309
18
4800
3901
2698
1643
4876
1376
3421
4929
3180
5885
4784
4739
5783
2686
1415
1956
3629
1226
3261
1936
3976
5875
3010
4235
958
2163
5765
782
4120
3615
5833
1572
3738
5629
521
2887
3660
3262
5238
5259
2668
3608
1619
2431
2980
2510
4808
1851
785
1771
109
2547
3718
3409
4819
4232
1776
3338
2538
2880
4648
5209
2199
3208
2728
1757
4318
2827
1746
4137
4333
4410
3634
5377
2502
2680
4475
4541
4623
3228
5429
3796
5700
5395
527
2408
1845
2215
3602
2142
165
594
3278
4213
3978
4030
4015
1453
3884
5891
3405
4812
1754
4815
375
5116
479
1237
1085
1777
3030
5609
5229
3950
5719
2056
4838
844
2022
1397
5939
4334
5616
3452
5655
1812
4647
75
2283
2422
3067
2442
532
4206
756
2210
4290
672
214
150
2441
4225
5088
635
1734
533
668
929
4594
3226
2780
10
283
2516
2398
616
1884
1300
3951
5068
1102
3251
268
2169
3866
34
2456
5234
2705
2345
768
1048
2548
16
2417
4083
907
833
1203
4829
356
555
1985
5403
1087
652
2120
4335
245
5698
5499
917
1558
5636
3387
997
5697
4805
643
4076
4991
2938
5820
222
5705
1538
4580
2810
233
4106
1909
3362
4883
4160
1510
4813
3678
4319
302
1885
805
167
1075
1341
3846
3244
14
4940
5005
727
237
4092
1173
262
4155
5224
1499
5649
3958
5417
3455
3939
710
2230
157
4457
1101
3607
2546
182
1239
4996
4183
5681
3851
1178
5408
4962
5076
979
1601
4583
1343
78
5186
5882
3787
5000
2109
3618
2257
2717
472
5922
1491
263
3370
5916
2151
3717
4098
5267
389
5790
3481
3263
1157
3360
3270
5550
3853
4514
2693
982
4765
5110
2988
1247
4857
4250
3623
4880
5665
4954
2534
4315
5481
3088
5642
1982
1252
1513
4462
1267
4330
1079
3002
5479
981
1002
2689
3926
4374
1577
1329
3072
873
4162
1418
2190
441
120
4749
5353
436
2872
4900
3695
1803
2847
3533
4657
4587
2644
3920
1494
1827
3076
4238
3731
1692
5637
4082
110
614
5154
531
1520
4378
4159
144
4572
1802
2248
4669
3835
734
4439
3513
5899
3323
4917
4516
5120
2877
279
252
2712
5917
2361
1995
5037
4114
3737
2327
972
3140
1655
1684
680
3661
898
5730
1584
2155
5870
3156
3161
3000
4389
103
4973
3179
5128
613
2348
1937
5482
337
5341
611
4751
26
4702
4556
5364
3824
4394
5178
4428
5104
5343
620
2143
3369
1503
2906
4502
15
4013
2873
3086
1047
310
347
4077
4108
3242
412
987
1565
3475
2916
3989
5473
3679
4956
1955
2818
5309
2309
2329
4871
4102
4165
5488
2723
5330
4181
5541
4433
1561
1210
642
4116
3426
705
931
2888
1218
4675
3640
1756
5577
1092
2587
955
374
2165
5396
3496
2113
2039
6
5015
3929
2710
2452
872
3750
5024
387
5256
1497
3500
4788
1843
5746
1351
4257
3339
278
1893
2488
4782
3666
5880
4425
1626
3197
2313
1872
4512
2784
2288
2405
5769
3159
3127
1944
2204
1595
4066
947
5505
2027
1988
3954
724
4504
5667
1264
2425
3913
5164
5166
706
2473
2439
3594
406
2171
5314
5484
102
4156
2121
3430
1687
97
2397
5156
3117
1395
4017
716
5684
4264
4553
4254
4627
2998
2661
2034
3582
113
1876
961
2450
1004
556
1951
4133
2854
19
3388
2981
3406
1887
1068
451
1509
1882
2077
1847
3857
158
1652
3501
5871
5197
5185
45
1574
4930
1364
4737
5086
1416
3892
4983
5415
3751
1737
1784
5739
1383
826
2501
5799
814
51
4738
4977
1404
4679
1775
741
1543
3035
5287
3941
5398
3492
2794
4367
3877
1229
439
3688
86
713
5189
5868
1212
4658
746
36
5291
2787
4501
795
3412
4476
3164
3120
442
1624
2453
3510
3206
3235
3719
2465
2858
1230
2015
1009
2649
231
2518
2991
5376
2072
1289
3641
2243
1037
622
1666
3222
3689
1696
3910
2427
5281
4513
857
20
1552
591
3572
4698
2802
184
4878
5100
687
572
2474
3096
1186
5941
5690
3828
145
903
2000
5424
1483
1583
3544
2103
1278
693
3616
2017
4742
3801
4391
3275
4726
5296
1697
3488
3856
5031
624
3504
1062
658
4417
2963
543
1589
5861
5303
677
4094
1016
2789
4134
2147
1399
3999
4686
3927
4261
3213
5532
5045
3716
4171
4065
5254
1220
4522
5428
4790
4795
2930
2836
5312
5888
3838
2875
1439
4774
2403
648
5487
5601
485
921
1116
5943
1606
4653
1114
3842
3565
1782
366
1929
1758
5216
2725
1291
5052
1361
2495
4069
5788
4262
132
5898
1932
5717
3290
5657
5443
3655
5436
3429
3343
2063
1023
2664
2334
924
3107
821
965
1708
5803
2369
335
4685
3224
5518
487
1644
2036
248
526
3778
5727
3410
281
4464
3045
5142
3308
1568
5551
4966
2201
2750
5724
3906
3802
808
1672
4152
4064
2322
1236
2067
507
3109
2702
5587
1387
3027
3425
3720
3257
3101
3969
4709
2730
1821
5016
1733
2161
4390
2437
2065
212
5182
3855
4817
1597
3064
4268
2829
871
258
2936
495
3079
5669
5612
786
1658
2197
5400
1410
1669
3604
395
4423
1488
5753
2937
1528
1246
4933
4227
2499
4052
3648
2082
4614
3351
5273
1019
2941
783
2554
5425
4868
3935
3807
2679
3639
371
4418
4936
3696
5315
3995
1823
2202
5432
4194
3132
2070
707
953
5860
4951
4982
2352
2032
4793
1501
1345
2639
5600
1707
1920
3116
2590
717
2811
4651
4858
1263
714
4358
4744
4336
2752
1965
4551
2597
524
4872
239
181
5766
3070
2430
4920
4068
5300
2490
2891
1685
1315
1270
3858
3375
1681
4021
4431
4596
539
4000
1008
2084
2041
5310
828
3821
1393
3786
172
2983
274
2580
5935
153
2409
650
3346
3383
2006
1443
4830
2907
3019
2557
4411
2223
5459
4692
3276
649
2994
2127
5029
2504
5026
1579
3142
5633
5547
5607
1061
4210
1892
4130
3347
2064
3434
4438
5369
5463
5394
1045
2855
5525
1359
4985
761
4665
5515
1352
918
1131
3970
4696
823
4451
4714
2895
1038
802
4289
4534
4869
2611
5928
2275
3342
488
2292
266
1331
4828
2931
4103
1611
2795
2558
2047
502
3674
3812
2107
2773
2270
4294
5447
4691
5058
5908
2809
5930
1949
3990
3134
4022
81
5593
1144
1311
3964
1550
4811
5279
2262
933
2894
4591
628
757
1030
2804
344
3171
411
434
4387
5358
4382
5109
1094
1799
2485
5367
194
2897
393
5605
4353
2967
2420
1013
5239
3014
5507
1042
1170
2735
3281
5827
1314
4145
4611
251
151
3386
270
2843
4043
3898
1751
4028
5040
2463
4840
3911
2786
5821
2869
5531
5635
3945
854
1935
351
1429
1689
1637
4383
5536
1618
2757
794
4244
2482
3465
549
2703
320
2845
5680
1106
5318
878
2910
1134
3100
2879
3811
4322
5854
1747
2058
3514
2747
5119
1204
2059
85
3328
1881
4305
4748
3364
1797
849
3862
5752
4532
621
2114
191
1711
3424
476
1330
3054
4494
2707
4074
44
901
4177
1728
230
4913
4674
3698
2497
2533
3591
4565
2480
5533
3494
4483
5710
4882
781
2830
3482
1015
3723
1793
2746
514
4047
3438
5709
5757
3061
2249
3245
2301
3282
4422
886
2360
1355
125
4073
1423
5553
2956
5063
755
3202
301
4777
187
358
4999
2926
3146
2231
5886
4079
2915
962
1132
2842
3166
2738
4269
2401
1139
5150
3581
3381
1755
5656
4424
4470
980
3031
3760
3701
410
3
4831
1035
5181
4292
4937
4912
2222
5602
1166
1634
4080
3699
763
3991
4427
2606
603
4
5173
2612
1123
1836
2448
2438
29
355
5370
2364
3881
1044
68
2687
3643
2899
287
1241
3507
5729
767
432
2972
331
365
2874
4166
5420
3924
3770
2751
1321
3218
377
861
3495
2944
1628
3680
2919
3199
1772
5275
1126
1332
3748
5014
908
471
3847
3468
2122
1012
4421
407
2104
1472
841
2892
625
5743
892
4223
1927
2156
1171
2235
4826
923
2021
4963
1043
4526
3800
382
2652
5610
3908
840
2472
3909
1323
2849
4772
2549
314
2213
1983
403
244
639
3150
5558
4775
4910
791
490
1234
5740
3108
5786
3331
564
4605
2990
3994
1536
957
1065
4573
450
3960
5852
1888
2682
629
2807
4712
3069
1382
127
1600
2344
1900
3305
4791
4624
4314
236
5645
2561
2921
1295
4539
1154
2529
5264
4741
1591
949
4226
885
1072
5634
2341
3702
5486
1930
3874
23
2319
701
354
3160
2135
4757
2928
2851
1642
4892
5170
3052
4414
2287
4249
4818
2129
1575
250
2914
4467
5582
4545
219
2622
1899
3571
3536
3947
3453
3712
1794
3259
5615
5444
1090
4437
1480
5839
4972
4288
3311
308
5102
28
5810
1308
552
4689
557
418
2181
2118
4543
2458
3973
1633
5305
3223
5925
5845
4169
2
5317
4660
3411
3584
3532
4637
1976
359
4242
3137
2071
435
3441
5340
5331
5534
1093
5538
1808
1903
1627
440
4844
1342
3535
5457
3777
5912
3065
290
1999
1275
1519
5819
3943
4053
2343
579
5213
4754
480
2826
4386
3162
1172
3686
5647
357
559
1272
5411
3247
4905
3831
5011
3872
2173
5522
910
1225
2395
888
4123
807
179
363
3948
3549
4229
3139
2584
4059
2380
4921
2462
2195
92
5543
5129
884
596
5876
4061
4722
3610
2594
2076
5247
704
3647
63
2212
3340
5167
368
5451
1271
5260
3300
4645
3692
1906
1914
3267
3646
3573
1420
5237
348
3003
4646
2900
5513
1549
5787
2607
1957
1898
3776
5355
5921
3687
1193
5574
1504
2753
5586
459
1700
5346
593
822
2227
1083
4683
457
1377
5663
1839
5033
3093
5390
4435
4850
511
5603
3345
1506
444
943
3636
134
2139
2585
1279
1486
4988
3289
5140
1768
115
2690
3633
2793
2247
4884
2379
4384
2824
1774
5793
3651
3779
4509
920
4986
3669
3971
2418
1167
4277
3617
2424
5134
817
3415
2186
4018
647
4609
3868
3243
1005
4971
1798
2302
5542
5042
137
307
3771
4478
1197
4823
932
1512
5688
3516
3034
4050
1805
5832
3374
3690
2716
4144
4191
570
699
21
2198
420
774
4442
4007
3937
4508
4527
2160
4620
5099
1288
3614
4306
4870
2905
2817
5430
161
4557
5511
5188
2531
1113
1954
5682
3028
1344
491
3691
5897
4175
5865
865
3315
739
3112
22
626
4495
3037
3850
778
4072
2603
1705
515
3667
1192
3272
3232
2605
3230
2205
2178
4426
2512
5699
104
2955
780
4487
4798
2105
3844
5498
2144
3980
3013
694
2883
2353
5253
383
4809
3401
912
964
2912
3966
4730
2200
5176
1174
3238
2896
1326
5648
1069
5061
4695
201
2825
1356
2134
4366
695
5529
2876
2699
1024
5703
5219
3894
1675
298
1251
1934
4707
5235
4443
792
5500
4381
1526
1905
2436
3111
3106
1223
3795
1207
5228
2850
5501
1554
3478
2520
3419
4681
1863
3833
4635
5362
5621
5384
5039
2508
3447
3921
424
5625
4004
4654
3534
5862
561
5474
5292
5326
1972
5306
203
813
140
2950
3312
30
2092
170
536
3420
2106
5548
4649
605
2033
5631
5749
1570
2771
1691
5225
1731
1931
4682
5842
5948
3184
1834
5469
474
1328
3211
4430
862
2600
1110
1605
2764
759
2239
4019
5477
3046
1551
2819
1738
3890
1163
2769
3196
1547
1977
3170
3983
589
2132
827
1966
2294
138
469
27
1406
5115
5272
541
2091
5467
2496
3517
5873
2346
1217
3294
954
5576
5658
198
3192
164
428
1522
1824
4626
4109
1058
2477
2308
2031
2633
3961
3480
3693
1981
419
5464
2731
4093
788
3780
464
3188
1219
2632
2835
3956
1454
3349
2073
5571
2051
3182
4397
196
1067
574
5918
4990
1118
685
843
1424
2333
4934
4298
2447
3975
1464
1975
4925
437
1046
3928
5485
5747
2852
4276
5380
1202
1440
1039
5878
3700
5345
4273
2861
5334
1026
208
2878
2820
228
3459
926
1209
4085
1257
3354
1607
1837
4621
41
816
3791
5847
3879
3917
4150
1897
5689
1490
722
2711
4916
56
784
2562
3576
963
3314
729
715
3579
3470
3449
5738
1535
5342
2285
4570
2454
2097
1133
3547
400
3957
1645
866
346
1485
4538
477
2376
2868
304
5466
1665
4950
4715
4505
2659
4493
3962
4132
5796
1724
1773
2440
309
460
4054
3649
169
3589
1648
3384
5809
5378
5454
5546
5597
4760
657
5240
2968
2848
3371
1059
2081
5405
3332
5180
2540
264
289
1779
1147
4380
2087
1647
2671
3940
1244
2822
5127
5251
3601
470
3185
1942
2539
2040
1651
4448
3551
732
2383
4346
5027
2942
977
3542
4540
4189
4115
5187
3299
906
4243
751
5276
4979
1422
2271
1736
998
4105
689
2797
3009
3570
455
1258
4630
3834
2542
1973
869
1325
5095
5414
1181
5060
4393
37
1148
5399
1817
1505
4848
3219
952
4903
2317
319
4370
4404
1567
3864
1879
925
3705
3055
4127
3241
5265
5059
1928
5537
77
3316
1392
4228
743
719
1274
523
3934
3673
4282
3357
3710
2768
1184
33
3153
4978
80
5255
1228
238
3334
5087
4033
4842
4275
1819
1661
5413
5442
5902
4577
1901
2048
3763
1456
4327
5450
1469
1529
390
2741
215
661
4124
3537
2595
4528
2945
5527
1763
3451
5337
4718
2616
1744
5019
887
2216
4849
4656
1532
4167
1548
3525
4946
3104
3552
2736
3888
2555
4810
3665
1273
5630
1105
1088
5946
5372
2278
5764
5141
2461
2592
5057
1390
2111
503
2645
1349
3566
1161
2192
2324
1967
1312
2011
122
2256
3246
2459
275
3378
370
3903
1698
2321
3210
1511
5054
4317
1213
4005
3358
2781
5588
1129
2556
5483
2164
4041
3755
4960
811
4062
1378
1663
280
3157
369
5371
388
1668
2166
2218
2013
5214
3145
4375
1071
5901
1006
2102
114
352
4453
3663
4610
3115
2578
5445
3899
4550
343
1599
2101
3396
2298
4939
4582
4967
3627
5236
4338
4190
5121
2568
1014
2467
3603
895
1421
1119
327
4601
1188
5446
5503
3005
1924
3694
4056
4874
631
5351
5872
4095
940
2984
221
2792
3126
630
5623
4759
422
5056
4767
2821
519
5441
5230
3527
2130
2525
4025
4153
1111
1841
5211
2080
5130
3561
5858
966
1022
4970
5190
2812
3458
4907
2515
5470
1913
679
195
2579
938
5386
5890
2648
3998
2637
3237
1339
1678
790
2535
2625
481
5907
3708
867
3435
2159
4926
2814
4836
2756
646
2583
2566
2387
108
2381
5073
2012
2001
1912
3059
934
720
5307
5736
3650
3483
4258
4163
3250
3463
2890
2272
3038
2133
5301
3799
1581
748
2857
3391
57
4888
2920
2951
2289
3194
5268
1338
2207
3394
508
1434
4893
297
3612
1143
2965
3326
3344
5504
1800
5368
3841
5670
5146
1857
4886
3519
4070
300
1238
2062
433
538
3099
4012
72
5940
4922
599
3234
425
1097
5929
353
5117
1650
276
5653
1852
3839
2044
2692
1206
4376
5250
155
5171
5308
4135
1706
4401
3489
1729
5575
5258
1761
2187
1301
93
914
640
1622
1137
49
1639
3900
4995
2626
3287
3122
4107
8
1925
1476
1335
3307
2075
902
3810
1660
217
3592
2254
2722
249
1493
2312
696
612
3528
154
1250
183
2832
3732
749
2043
1667
558
1036
4898
2514
900
5360
4454
5944
3880
1539
64
5580
766
4949
1877
1168
2987
1100
5325
1673
2434
5032
3131
4307
1444
1149
3485
5006
993
4016
4195
3885
124
4034
5949
4824
235
5618
2623
5101
5002
2777
4184
5324
3756
1640
1282
1063
2009
3882
2007
598
588
98
17
4274
5831
2251
5137
1559
2856
168
1690
824
3095
5252
550
5632
385
2720
4797
2245
4636
3021
2669
2630
5660
860
1865
5105
1871
5233
1840
4728
2382
571
1492
3325
986
4461
678
3313
3044
5914
3575
4964
553
1613
5777
4650
2494
2588
1242
3001
321
5826
4200
4895
3123
2650
2844
3397
4129
106
1822
832
3773
5221
71
4157
765
2505
1743
175
1190
1786
4412
3029
919
5881
4173
4535
752
3746
2798
5791
609
2651
4814
506
5046
4785
5813
2571
3706
1064
1164
5028
4311
1653
1125
1693
3047
2673
3446
4279
2028
4406
2089
4786
2952
2158
4727
1253
431
1018
4832
876
4032
5227
3026
1713
3203
4603
5476
2939
4241
1183
3177
3944
1
1245
2018
3593
4866
4331
1963
4265
1946
5662
4561
1287
1460
3467
2943
4445
2337
267
5722
510
1231
2370
2282
1222
1814
608
5192
3221
2402
653
207
2225
4472
4088
2498
2581
5718
517
4703
4841
939
5392
2744
682
256
985
1832
83
2055
3460
560
5169
4549
3997
3280
2765
2259
1947
2368
2479
2908
3292
1553
2567
3522
5923
4853
2433
2643
3654
3479
3138
2189
4024
3304
529
1303
2486
5456
3794
116
2386
65
3829
1620
3176
859
3359
2412
796
913
25
2957
5205
2399
401
3231
4084
2466
5085
1867
4680
2306
5248
294
3556
5319
1214
4063
2342
4807
273
528
3774
3836
2695
2528
46
3310
576
2108
3431
5439
3974
1414
5795
4112
4176
111
793
2354
5226
4634
54
2426
3414
5012
5091
4530
1021
2098
2246
5909
4266
171
1807
3684
1953
5702
1873
3683
5143
463
4198
2069
3085
4662
4485
1041
4873
4699
3863
1712
2925
3541
3365
1179
2999
121
1221
3520
1922
2714
5759
5025
1180
3074
2203
2338
3295
5894
1760
3734
2400
5584
3240
5133
3993
4046
5758
3151
3083
2778
5366
4781
1780
3891
3758
730
575
5554
3020
5471
2589
4710
3216
2759
5879
5053
1091
5780
5900
128
402
3772
1636
4571
4559
712
5433
1862
2800
1462
4642
1187
5270
312
2774
4763
2631
1980
4354
4783
5107
2846
5139
3793
3165
5844
4222
3789
5676
1730
5936
4267
1391
2596
2694
1869
5382
2770
5327
1671
3318
5823
580
5773
5514
2232
2240
991
2428
4408
4271
4214
692
5523
3377
5591
551
5422
2449
2123
66
1322
1112
891
4852
3548
2803
430
5711
3296
4459
586
5714
2167
5555
3759
306
4862
2148
4215
5416
4816
2670
3293
180
295
4067
2291
4278
3255
1034
1076
875
5049
2483
1960
3982
4997
3361
5494
1603
2509
4706
996
5381
1465
4989
4700
1052
2560
1991
3124
5048
5491
101
2960
2183
2615
540
641
3849
4544
2660
3012
1714
3121
4628
2948
4518
376
2492
4197
2524
1688
3797
4584
3376
2359
3187
4446
3404
47
1889
1216
4736
5811
1379
5893
1791
4332
2678
974
3645
5613
1138
3657
2701
5855
3742
3729
2253
2372
5151
119
3382
2269
3783
2286
1563
4341
3562
1099
1654
1683
4820
3269
563
3004
5695
5191
2455
3355
3368
762
2654
3271
2074
3476
4323
1541
84
584
3497
3173
2276
5617
2573
5357
3893
445
3529
173
2904
5373
4436
5818
4599
4350
5455
4919
5245
3335
2446
5696
2697
224
2732
4721
4299
740
935
1455
2834
567
1849
1943
618
744
1610
1911
1502
1388
3724
4616
5816
1309
5165
3450
4349
4245
897
5626
4220
5472
1825
2432
3473
4337
2443
971
4313
3418
880
1136
5
1248
5162
3253
4020
3454
578
2989
772
3574
5440
852
1384
5434
1904
4835
853
2217
3637
1428
3511
3739
4821
2532
2351
3965
1200
1463
5071
2219
587
4224
1255
2003
1908
1386
5074
3912
5590
2305
1447
2115
800
288
698
5704
1616
4732
2929
2635
5624
1371
989
4248
4161
5497
3523
1750
458
9
2785
2841
3986
5509
2281
2423
1153
3876
893
5077
1495
4118
2973
5161
4141
5606
1215
3363
3564
2801
1160
1000
5036
1915
3136
2617
2030
2927
3373
3233
2297
1621
5650
4089
2310
3016
325
2332
2188
3433
3395
489
462
5122
3861
1158
4569
5754
364
5866
3080
3979
5712
4296
4666
2909
4959
4743
1816
4854
3664
4168
5578
2624
4345
3200
4283
1719
2078
3676
5508
4217
2373
1593
1527
3619
2755
4029
1010
4789
4450
5412
5338
2986
5344
5903
326
4416
2742
229
2174
5136
5124
3498
1939
5043
3129
2179
1702
3505
452
1081
3826
5081
5721
5668
254
984
1298
2655
2685
3587
1632
4589
1407
3662
5611
4096
5431
5789
864
1426
448
199
4104
105
61
5409
2389
1208
4881
1470
5755
159
3008
2045
2085
4792
4368
627
2255
149
831
835
1425
2374
323
1933
4090
2734
1833
5126
2552
1306
112
1534
4677
688
1890
3788
2646
1828
2054
5051
4396
5069
3736
2016
3090
5177
600
1135
5263
3818
4060
936
3063
2522
232
662
4140
4555
5859
5022
4889
4617
1266
3403
5564
2544
3068
3273
2719
2964
484
3578
3567
1726
3539
378
1989
2014
3407
3932
4625
3598
1732
5830
4975
1787
2086
4477
2220
1334
1269
4142
5910
3149
2663
535
5096
1969
5082
90
1886
4661
725
5562
5506
493
5707
2903
4207
2326
1466
131
1409
2168
4204
5007
89
4914
4644
1680
4894
1721
5794
5282
5569
2507
3889
4497
2564
3596
4146
4014
839
2478
1007
4752
670
5055
1874
4434
3456
2191
684
1419
3830
3225
4904
4100
5352
4687
1952
2355
3321
4186
2176
3058
2357
4340
4260
5774
4110
4008
243
2157
1855
4500
87
4352
2325
5579
4778
4125
2551
2749
577
285
3098
4420
2799
148
1025
3506
5079
4488
130
2224
5299
2050
2061
1831
4097
2917
4113
1155
5421
2293
5138
1313
3097
4138
5387
5438
4045
4309
4193
2229
5418
234
5693
4684
5008
5524
3288
5559
4398
5671
70
5062
4846
1796
4091
2094
3949
4122
4932
1853
2593
4787
4484
5732
4806
2318
1608
3740
5592
1533
4717
5468
5030
5947
1479
3959
2066
968
4671
5458
3189
4537
2627
1848
4287
4230
2974
3229
4766
3017
3825
3477
24
5163
546
3168
666
13
2493
3148
1921
4303
3606
4567
1297
1103
5691
3804
225
2621
5521
4585
3356
5277
4688
4372
3011
2517
5892
4280
1280
5435
4740
5108
4139
3023
5737
2805
2268
5402
4523
4879
2194
2783
4847
5797
3968
1189
5359
332
1292
2413
592
38
3298
1198
3558
5304
1240
1299
3462
3512
4360
2610
3605
2902
3873
760
1792
73
4187
2776
3154
1385
5834
386
2837
3764
3060
1895
1487
3152
581
4615
5426
2323
3733
3984
4011
883
2729
4511
2935
942
4750
299
1875
1235
1545
322
5232
4976
1003
3761
94
5583
5044
4237
2656
4465
1902
5628
4968
1959
5560
4399
5452
5123
2414
2390
2110
1586
4779
764
146
3081
3469
1484
5075
1604
362
3114
3569
4463
2068
2096
5938
2970
2088
881
1086
5725
2484
5083
4149
223
3466
5683
2613
2193
1699
5206
683
3754
1679
4678
3628
2971
3580
3408
4593
837
1718
2419
5932
259
3301
1657
5646
336
4402
2221
3472
5480
3588
284
405
2996
2005
5654
5183
973
4944
1467
1941
1961
4965
4460
1587
5889
2772
5781
5931
1695
930
5064
5158
3503
3248
1051
3015
4026
4395
858
2336
3133
1992
3119
5750
5348
5713
2506
777
2526
4009
1749
5489
5035
5313
3006
2947
2274
4633
2237
3671
5851
423
4449
569
1232
5762
367
468
773
59
3043
461
3946
615
240
1938
482
4506
4006
1452
414
959
2838
1435
1638
5884
2775
1682
3942
1053
392
5520
3735
3827
4326
272
4499
3583
5404
5004
3327
5640
1196
1468
4943
5293
5274
4486
3632
4344
2290
5775
4469
4240
5147
3600
5694
4490
4734
4208
1614
4891
3432
4896
1739
1107
2300
5193
4192
5905
5322
2138
2658
1844
4548
2662
3784
2451
4764
5194
96
11
1353
2299
4595
1475
2667
3815
2688
5200
1375
3817
2421
2708
5379
339
894
391
2565
4641
4955
1917
3845
4563
50
5157
255
2934
2862
1546
582
2604
2761
384
1433
2901
1809
2233
633
4246
2559
1615
1141
3769
4598
4154
2640
1498
1073
156
1556
3919
3279
5094
2704
3672
2962
334
4111
3577
2236
5526
1201
5568
4576
2536
5814
