2008
5604
4095
5986
3666
4490
2382
2633
2058
4581
5679
2115
2216
5011
2562
5272
4878
2475
232
4578
6338
3619
1782
40
2020
5850
523
2757
4003
879
1829
5531
4410
3045
5304
3000
4656
2529
1350
4897
2292
1947
739
844
1183
5575
2642
4962
1935
1246
4920
836
5718
2119
1680
3198
997
5420
3753
2233
116
3743
3055
1092
704
4141
180
380
2132
2799
3737
6046
412
4907
4818
3457
5114
5177
584
3186
212
4858
5274
1371
3276
39
10
1478
4721
5271
4403
3623
4458
356
1408
499
1920
2103
1287
4042
4781
422
3010
3977
3100
5706
3881
3784
2484
6161
5597
235
853
3461
2918
2729
2240
1296
2227
2014
2142
1389
5865
3757
2940
389
140
1589
4384
2133
6229
5481
901
2617
5881
3543
4116
2857
920
3566
2168
6223
4791
3096
5128
1493
2627
2177
873
3853
63
6007
115
810
335
105
304
5132
2486
5059
1822
2423
3444
4122
3838
2396
2744
5803
4054
915
2713
4098
5449
966
2289
4119
3712
471
420
5237
6013
1086
5730
2169
3672
4927
3700
5183
6072
2858
1065
2804
4645
5055
318
3626
2366
2939
2552
5632
1049
3745
3844
5214
393
198
3685
1533
3772
2063
114
3713
2976
4633
466
2498
2085
3827
6045
1966
409
4180
1336
5079
4949
3177
5871
4168
3009
3926
2387
6073
5140
6225
6275
4584
5957
1186
2703
5778
4402
6238
3353
1921
987
4101
1637
4644
5008
1261
4577
3936
4140
3105
1321
4681
5729
3370
452
4066
3653
5554
4657
4631
1454
3654
4270
1190
4666
2950
249
5784
1928
4419
2974
1355
1084
3040
2067
3262
4778
4214
858
5972
2519
3209
5399
41
2105
3848
4311
2565
4023
1673
1619
1962
59
4035
1023
4485
2232
3171
427
656
3048
3480
5943
1641
2261
797
2886
4900
5310
3963
3687
3739
5938
1995
2338
4108
6077
3925
2859
401
1520
5530
5947
5108
1388
4234
6169
2106
3971
2915
1401
2406
5308
2343
2444
4610
6063
6244
2572
4442
3194
5921
2803
1105
297
2760
5351
4592
1328
578
4649
1447
3453
1161
1132
349
936
3894
1050
4040
6040
2779
6122
604
4615
977
6069
752
175
2556
2791
973
5509
6112
4748
4557
5373
3054
3935
3995
2305
4848
2258
1242
4342
3528
4203
3113
3478
1213
1252
4722
5870
5582
4198
4921
3727
4972
2097
4819
2026
1140
3509
5469
2715
1041
2970
4715
8
2521
3331
5405
3012
3079
3318
2838
2464
509
2555
5666
4627
2928
6171
947
5141
100
3920
3440
4377
3226
769
1720
2870
2390
5563
6184
3143
5256
4947
125
5741
3219
2279
374
3247
673
4354
1620
5738
1157
5118
4904
4863
4653
5545
4457
1488
3736
5103
5006
1169
5861
3052
3716
167
722
3298
5955
4110
3551
5792
2781
3348
5467
3621
950
2476
5892
680
2120
1535
2626
503
2418
6031
5621
999
402
3826
5193
1692
3655
6042
6215
2738
4868
759
603
3394
3885
2208
2550
1629
5926
561
525
3661
1847
826
5490
4997
5297
5888
2395
259
4466
2205
595
1831
4611
3406
6203
2087
2753
3249
107
3020
2139
3328
3080
2339
2302
3679
1322
6023
2163
4571
2618
4572
4958
611
3314
3408
1804
1748
785
92
2587
5147
2245
6127
6219
4737
5377
4935
1088
2214
1249
2682
5126
1022
145
4528
2511
5800
5814
1715
2025
3174
4559
1062
1810
4570
4065
4879
2914
3214
4303
3051
6029
4243
3778
2348
1511
4640
385
5764
1441
410
2016
5498
3193
3441
5791
3399
2524
2910
5501
384
1472
3805
5164
3796
1409
5641
5634
6208
5004
2095
2698
3187
2496
517
588
5630
4115
1634
1414
4751
3571
4662
5210
141
925
1865
5525
6280
3681
2867
6008
3776
5556
5465
4874
3899
3148
1762
5235
5394
6240
1999
3996
5234
1159
5206
3462
1807
1393
6152
151
5069
3795
2370
3506
4984
5875
2896
618
5906
172
563
1168
4492
5879
3646
3435
2060
3497
1463
292
5366
4096
1983
5990
5845
5404
449
3952
3039
4938
5212
6253
6140
5172
5852
3321
3415
5484
2413
758
5323
4983
2488
4310
5320
3975
157
5157
5158
2594
1103
3324
19
264
1214
3159
4898
5013
2549
5717
666
974
2322
2027
4794
6038
4109
2789
6163
2001
3777
3729
3733
229
755
5066
3792
4147
1418
4353
4587
2667
510
851
625
1961
1042
961
5162
3389
6298
3970
1675
1649
5232
2766
3473
3978
4238
3335
5379
1655
2515
3296
3307
52
2952
73
2947
3950
1936
2930
1617
2880
1390
5615
6195
2806
796
5359
3289
3308
5462
2653
5067
5016
99
590
6318
3277
6083
2108
5277
566
4893
5758
6261
5499
183
326
5082
1376
2070
4817
193
1858
811
1792
3117
6074
746
1423
1486
1375
5269
3310
1114
3049
4538
790
1604
4850
4389
4252
1358
4506
4199
1331
5660
1097
3884
5021
5813
3468
1854
1530
4123
366
3763
3583
1302
965
2794
2061
309
4790
3533
807
2068
4821
1801
1429
2954
940
256
5581
88
900
2902
2451
5241
1560
1674
5192
5968
2335
1366
6242
1784
5363
3906
341
4792
134
1476
4169
1532
3553
1973
2432
3562
6052
4373
6271
6319
2161
24
4719
1466
5216
2136
2975
3569
1668
731
6026
3945
1128
1372
956
4602
2560
6174
187
1263
3076
3503
4288
394
2416
3208
861
3607
3718
3091
910
22
3026
2936
1007
2209
1608
4314
1061
2537
2031
827
5280
5047
4693
1236
3213
3300
5807
5292
4487
4397
3723
3385
4268
1173
3819
2831
2183
3633
2745
2751
4699
4090
160
2429
4474
4934
3529
3059
1545
6172
1875
5780
661
4235
211
6193
4796
5370
3101
918
4360
6334
2123
2739
4716
804
1866
4837
5331
106
3487
4286
2971
6020
2500
196
3386
324
3175
4469
2578
5838
313
5109
3669
1167
5642
5326
5
3073
2865
1932
5410
3817
4750
4504
5393
2967
5434
3230
4258
589
3088
5151
4515
4
5227
4346
469
4560
5707
4350
3431
4269
5796
4968
3236
968
5620
34
275
4365
2079
1098
2840
5964
5020
3387
5923
4424
4785
436
2793
3184
2506
4629
3862
837
397
1954
4332
3445
5721
4432
6284
5293
3951
1323
6202
2960
4916
5400
2347
5036
4860
5005
1318
6147
3556
5782
4696
4703
4285
50
5748
1779
1543
5557
1163
347
6159
5027
4886
4249
2846
4262
3886
3969
6210
2969
4807
4157
3918
17
928
2844
272
290
828
951
4753
2116
2398
3972
3266
3639
4575
1333
1195
2072
298
1990
3337
3443
4891
5781
4621
2632
2461
2592
2501
3985
5902
5435
3861
1428
1298
883
1220
4143
932
310
5526
1695
3825
3225
4347
2502
6250
5904
493
693
2315
5645
271
4387
2786
2471
3634
3606
4542
4909
4245
4642
2045
430
4335
1295
3964
4881
1485
2598
4211
536
4484
2810
1929
1598
2534
6295
5953
1890
5710
3128
1238
3625
3419
2775
1892
558
2959
2033
3887
5187
5539
4765
1988
226
919
4061
3182
2364
2196
4590
4437
859
4459
3916
6005
4831
2403
5184
5134
5093
5912
2479
4960
1457
2477
1222
1553
1196
3552
1115
1664
1058
3396
3140
5119
104
4124
1711
1199
4471
447
2671
1716
4241
6321
1320
6316
3267
5583
3830
5191
4507
3407
4888
4865
5129
3921
713
6094
2643
819
4260
295
1471
986
3773
5105
4563
3495
4766
4928
1564
2505
2956
2837
3482
1698
1783
5395
4867
6300
1756
2535
5438
2836
4089
5914
5146
2513
2389
2981
6332
5728
6070
1309
3786
1260
6086
2182
230
2473
6057
4114
5028
6257
1868
6054
6273
4423
1133
288
3404
4619
1742
6010
4684
2135
4685
2146
825
4802
5492
5593
4299
1699
3065
5601
1662
5670
592
4641
3647
1012
5025
2043
829
3934
1640
6085
5491
6307
2204
5155
4724
4452
4263
2874
1687
2044
1426
128
132
2876
980
988
931
5312
550
1763
5749
1887
972
1849
1270
5614
1129
3027
228
4971
4558
5100
2772
4634
5196
2815
3013
6030
3243
2882
6251
1583
6301
4741
495
4225
3253
2422
5236
2872
1460
2368
3224
2035
5112
2639
868
5173
2360
4987
3138
5930
1432
6214
4204
877
4661
3907
2028
2494
441
3590
5262
1587
169
518
3997
4321
4170
3632
1468
6168
5655
3750
3098
5287
3375
3755
5522
2887
3248
4805
5590
1750
2718
2113
3483
1453
1026
2189
5727
1910
1113
2082
5457
2327
2269
1707
3847
4800
4357
2912
5827
6084
2965
3286
6113
2841
4568
5010
2839
1813
2503
2414
4224
5275
4500
1836
5841
443
637
4366
340
1525
2362
3256
6153
111
6191
2380
2911
816
5284
4694
4075
4282
3041
2605
404
2945
6082
4167
103
593
1210
3957
457
1788
5037
5314
3369
2942
5376
6134
2654
85
3521
5176
2386
886
2623
5958
3614
1131
3109
5046
4616
4981
6028
286
4363
4772
3025
5948
1594
5552
55
254
4037
5974
1458
3516
3391
1091
1557
2771
3122
4553
3780
5654
3371
1555
4948
5945
934
5145
5315
1934
434
528
1265
223
2257
2664
2508
3233
629
5560
4012
5382
4344
5051
1883
6120
633
4683
4150
258
640
1780
2076
2532
1369
5895
1434
337
2706
6196
967
3121
4348
4664
537
792
1610
3205
3697
1753
5542
1569
689
70
1566
3191
1356
1294
3835
4092
1053
4007
4952
3492
609
2309
159
4764
5189
864
817
4159
1654
6201
358
1802
1998
4161
1171
238
2666
3578
4053
4290
3033
794
2590
5276
5453
622
1413
1840
2783
4331
5090
780
736
72
4727
1980
213
2446
4816
1217
2656
1842
1411
3081
4743
914
5396
138
542
3007
5811
6264
1178
4316
1135
2742
3559
5208
4414
4319
4525
2852
5698
3966
5186
3451
3001
2140
2185
3998
5908
426
1574
1981
83
5884
5273
368
5350
5584
2249
2237
1832
2820
2143
2984
14
89
5810
4723
2933
839
3635
2687
2663
1930
2167
6308
2077
1734
3515
5076
3323
5551
445
3849
1043
856
3418
5763
5258
4647
5966
3624
2728
4229
3373
1991
4513
3401
5740
5251
3893
1895
301
5253
1424
5137
801
2518
2881
28
5917
1317
405
5419
3056
3531
3220
296
703
6206
2487
1406
6279
5889
3428
3735
5661
1076
1241
5733
3532
4540
1830
1025
468
3330
2059
5263
2719
3905
598
1781
3294
2356
2313
1741
42
5766
1074
1122
76
4256
4359
5821
4517
4439
5995
1419
554
2493
4059
5907
5939
3183
2978
383
3339
3060
5149
5403
3968
3958
5527
3411
5030
2741
1292
6256
1144
5967
57
4361
5406
4740
5169
1077
494
2807
5221
2474
3261
4091
3999
574
1596
3379
3242
2460
838
5344
2932
5555
5919
3094
4056
16
3459
846
3759
5723
244
4749
210
6103
329
2039
564
5495
5999
6218
3471
2032
5672
3376
4651
4208
2036
4873
3660
4207
4827
4041
1805
1339
1377
4859
724
5659
2732
20
6
5120
6272
4086
5922
1718
4189
5824
96
5550
1293
2883
1181
1747
2221
1209
3722
1278
3190
1483
1184
1211
2962
1349
3890
3738
2284
1886
3232
4946
1919
2606
3083
26
1363
3709
2762
5682
649
3588
4844
6327
377
1592
4857
1523
3811
3023
3991
2694
675
2988
257
4047
4283
6095
4205
3334
4880
5954
4185
3821
684
2401
1254
4638
2523
4964
1957
893
1280
1395
1412
206
3924
4709
1540
5837
3974
1884
6189
1949
627
5819
3050
5996
4374
86
2062
993
4670
255
5040
3726
2998
3688
3442
3530
4381
3944
1552
321
4975
5482
1255
1227
4838
1772
1723
5571
5324
3911
5358
683
4422
5638
5009
815
1087
3891
1581
1735
2353
1657
2285
3133
2171
2407
5302
224
3156
4426
6170
663
898
2924
3644
4711
1927
5765
4257
2466
2009
1833
330
3914
3674
1549
3557
654
5432
2661
263
5822
1946
1528
802
5244
1039
1979
1571
3119
5612
3523
3388
146
3678
5497
3794
565
652
1403
3540
1593
2203
4139
1437
1513
4839
261
6041
5197
4033
4206
2818
533
77
5538
2379
4669
5115
139
2210
1627
1676
5343
479
1248
5447
277
3703
2333
6060
2894
2733
976
4911
4435
1357
5761
5903
3003
548
3576
1586
5429
4483
2613
6149
4659
3845
2385
3965
552
5862
982
4336
830
594
3067
2655
1721
1162
2024
1141
5200
712
1551
5278
2404
4497
4312
4461
3878
1688
5097
3463
4482
1828
1575
3166
5068
5319
1922
446
2282
4705
1055
3164
4276
5872
5878
681
94
1160
5022
2692
3200
5423
6121
101
2995
4379
3449
2516
2088
4393
3269
1404
3771
2101
4248
1745
4305
3504
4087
6239
1661
749
4589
1905
809
3734
5508
4135
6148
1926
3019
4864
5001
5988
2207
818
2065
1431
4534
4896
787
862
3814
5041
4032
56
3450
3169
2546
6190
4814
6233
1727
5705
2262
5541
4609
3803
2968
3008
1009
488
4646
756
2854
5018
6022
5676
2989
6194
4106
975
2170
365
585
3259
367
1648
871
2740
647
3714
6249
5755
378
4117
1191
1243
119
6314
1272
3066
386
2175
2899
5978
1354
4233
2676
5510
710
5402
5786
857
60
307
4658
6281
485
573
2665
5242
3358
2195
1924
2342
708
2100
606
2482
766
3522
5970
3813
3069
4899
4648
1985
2951
3721
465
2155
5058
2909
1299
2816
4133
5514
281
5368
2801
4274
4082
5628
2454
3720
2425
6230
5163
5099
2427
4910
4433
852
754
118
3305
2242
3390
2173
3692
4585
2448
4803
1063
2707
2251
2439
2293
5471
534
4732
4855
2093
2381
789
4079
6328
3581
5032
1658
2299
5962
4210
2514
5347
5570
5081
5677
3160
690
1150
2178
6062
5980
135
5104
3699
3367
1311
2042
1933
5078
2307
5887
502
450
2066
3751
5285
6268
3719
742
278
5694
2856
3992
5353
5133
4181
3043
3420
112
774
2616
5578
323
3989
4761
2223
3728
4637
1546
4016
497
3933
2127
4165
3014
855
1264
5337
4710
4725
4624
2913
294
5503
3652
2805
2007
2324
3910
1490
4976
608
32
6237
4707
3560
641
2996
398
5448
5101
1631
3425
3275
1102
2570
5651
1827
1182
5825
5220
3221
4595
5031
4190
5000
1335
2399
6164
4064
1011
1228
833
2010
1070
2628
416
266
5063
5702
5121
5413
1283
483
1489
979
2273
5422
2897
2679
126
1870
2000
5846
5437
4712
1818
1681
3929
5622
1609
236
3240
2717
3123
1310
4438
3815
2199
3761
2152
2220
4895
2582
1626
3400
5649
5911
6243
2193
6282
4655
607
2057
190
1906
467
6002
535
5839
3917
4425
1877
5992
1400
2437
4566
4317
3873
5485
539
4957
1172
2219
3500
955
1329
799
5998
1153
1764
5639
4579
3071
4125
2925
3245
221
1148
144
4698
1940
1958
5089
2593
1844
1346
438
4985
5322
1618
5386
4334
1708
5338
5534
3683
4071
5924
166
2544
1603
2802
3595
6247
5929
5950
3022
2420
1963
2349
3199
869
1134
1225
3127
6204
847
1585
4762
5483
6108
1123
676
6199
4767
952
5330
4843
250
3596
2400
1430
3501
396
3640
4306
454
279
944
3144
6337
1754
4022
3993
1950
2166
5860
5719
6245
1823
4293
1503
5890
4961
757
1825
2376
4953
4543
5071
5290
5981
1701
5747
5211
1785
1843
3812
2090
1359
2469
3311
2052
4887
5056
155
5701
4799
320
1728
3223
1083
305
579
702
3691
176
90
362
5789
4253
1226
5795
1445
5035
4918
1326
3397
3756
587
3488
4501
1846
4478
6034
1769
27
4977
6235
2961
2901
1452
775
1944
5979
2201
5389
1918
2051
5372
148
47
4448
4391
3850
4925
403
3227
2365
1636
69
316
3218
1614
2030
2782
1871
6192
6186
3470
2149
6236
1703
3643
1960
4999
4227
2436
390
5053
4940
1953
3168
1269
3946
553
2371
5260
1517
2646
3031
4329
5352
1020
5657
5222
3499
4162
6162
4010
3603
5915
3086
5885
3915
1119
3947
5703
1258
3766
200
3948
2392
6098
734
1806
4081
1271
2931
5833
4358
5426
4411
2
6059
1755
2359
700
3547
4390
2588
6039
4292
2750
3129
273
2579
6132
5095
5767
917
3628
4586
1686
3892
3764
2536
4612
2186
2330
6036
3315
2252
2581
3114
205
1267
3567
1013
4473
5817
6283
3270
1684
3856
4046
5228
3546
3426
6288
4326
4963
1601
5479
3807
3326
291
1579
5905
2727
571
455
959
1494
6180
5167
2723
5194
4982
5669
2192
4979
1045
3927
985
1736
3592
2531
2630
1504
2853
5777
2907
911
6018
6093
2283
2754
1046
153
5180
265
5918
424
4773
4597
5460
1219
5831
3423
6047
4058
5515
5685
3538
1014
334
3768
3548
2411
1951
2711
4598
2241
1340
6286
2017
5722
381
5934
662
2114
5356
3126
3484
388
6004
5686
1878
978
1
1856
6009
3185
1073
3216
5388
5576
1939
302
5793
6259
4969
179
5380
3293
4596
1060
1446
4464
5332
3675
1776
3572
5858
3150
71
1285
2798
2029
1470
5300
173
276
3980
2470
2990
4734
6299
1397
1040
3872
5647
4622
217
2361
1487
5181
4491
4822
1352
5849
3231
4603
511
4854
3690
2148
5440
4628
3134
5882
1505
2393
5442
308
4048
2763
4431
1558
1139
6297
343
5517
6146
2512
5136
2629
2585
5325
1455
3775
3272
2765
1319
4456
651
2862
4574
1814
4521
5431
723
2109
5956
1032
2021
3234
4672
1384
5298
4625
4401
4146
1127
1576
4914
1461
5547
1730
1691
5671
1600
1761
1068
5586
152
942
4702
5305
12
2083
3829
1245
1945
5074
4447
2181
908
2271
538
3549
3822
1622
2542
750
5286
1630
697
5544
3704
4077
3044
5445
6088
6138
5797
3416
2640
772
1678
1508
1861
2483
650
4824
4418
5374
5086
5529
3940
505
1817
1462
612
2993
2725
937
2144
3258
5436
2126
3029
242
328
5019
4026
4970
4404
2548
2003
5455
3064
1415
2351
248
6078
2527
3403
2893
4304
5760
834
3465
4220
6224
4362
4460
4489
1399
1556
476
880
6091
2944
5561
549
6220
3689
2334
1174
3202
984
678
5430
1158
5709
1948
5513
2287
5127
4498
439
1959
2595
720
1079
5486
2545
860
5299
178
3125
1351
1550
962
791
3452
3021
4889
2280
2994
909
4009
5732
5245
3550
1289
4758
732
3312
1838
3244
5267
1469
3580
3855
5720
3432
822
3923
5653
2834
6255
1903
1304
1367
3601
6306
3410
672
2248
1402
6285
1232
946
5798
5045
626
5658
1208
3085
1094
4396
1276
5369
4406
1837
4078
3118
2499
4072
2553
2212
1650
512
2458
353
5270
4607
2832
5585
5603
1816
1116
4552
2296
1290
506
1497
5625
6258
2086
3284
1464
1955
2373
5553
3702
3973
1539
4502
3967
407
204
4084
4836
983
2194
4006
4660
2080
5480
2190
621
5043
2824
491
1048
3909
4480
2904
2868
699
177
5348
5316
5678
2089
6079
845
2731
1766
4894
5094
5617
586
451
2263
4902
5854
4179
186
4565
227
3082
3656
3879
4652
751
2795
5695
701
1142
3507
2724
3146
4687
3340
875
5475
5913
767
3447
3514
5441
5247
1704
1262
3876
5178
4441
614
3659
25
582
1166
4493
3808
1867
4294
3035
4021
981
3498
4149
3748
2520
214
2074
884
671
357
363
3303
3880
4547
5520
251
4713
6331
5993
3427
2449
4476
5012
5759
2873
5135
6124
1297
5073
4429
5123
4298
5983
1206
4671
3090
863
5543
123
5459
6287
1380
4601
2405
1306
939
3229
5835
2608
4415
215
876
546
4862
1201
6043
4121
805
1008
935
2603
5466
3107
3707
3378
4556
3257
5876
2200
2991
6296
4215
969
4044
3746
3320
5456
2558
311
3612
5880
3602
5131
3239
2112
1938
2611
1279
1126
4950
4623
1101
1110
3877
5965
5985
185
2394
306
4650
44
5806
2826
5712
4495
3402
5836
1015
3637
3615
5057
3744
2164
3469
4449
777
941
5044
5532
3120
1548
2755
460
5175
127
1028
3662
3582
3888
6263
5439
610
2450
1694
165
117
3724
1231
1726
4386
729
2104
4630
1907
1152
2239
4674
2746
3290
2316
6104
463
4470
3539
3902
4951
5202
5629
6155
1898
4529
2864
1345
6051
1563
3986
4591
1343
174
1337
5345
2712
3155
1502
4945
5521
4434
5038
5804
6177
91
4663
5757
2983
5893
1885
3158
6166
1647
4333
764
1757
1942
5233
913
350
2069
4503
5751
5775
5003
3779
1547
4841
3949
435
2363
1714
2607
1670
6335
4532
660
2267
5689
4522
4820
2375
1016
5989
2705
3651
4330
4866
922
1615
1034
2756
4154
1085
6317
2770
5533
2158
4885
3438
3355
113
2217
3322
4368
3597
3955
4295
2141
2344
2277
15
3618
4472
29
6099
4544
771
5606
1451
4008
6209
487
3585
527
5726
645
5257
3424
2187
5932
5427
899
54
1361
5673
2357
5064
4990
1752
5209
3142
4730
3363
2438
413
484
2179
5769
2306
5662
4372
2737
2075
3895
2686
4338
5130
5627
2758
5700
1130
2253
4870
2054
5052
3839
4667
5288
4569
1621
2604
1911
2480
3333
1387
3782
2318
387
4793
5504
5341
4240
3868
2229
79
1992
4195
798
1595
1325
1250
3932
848
1111
4232
4028
3161
5249
3536
2645
1146
1000
423
4738
2402
991
5383
2749
2949
2849
1623
2785
4883
5117
2005
1082
4155
6330
842
5182
3106
6216
4643
994
3485
5984
6053
4242
314
1881
1826
1760
2259
5397
2678
2752
3545
1057
496
4933
1894
2428
5869
5940
2966
5392
121
599
4378
6265
2700
2796
5832
716
2774
1839
4323
4413
4105
6320
3983
3657
3357
270
478
1771
5060
5002
3896
4704
3099
814
3616
1751
2580
1987
6160
3063
4327
1051
1473
2226
730
1599
3512
3429
5935
2421
5511
5848
677
4446
2720
2602
5607
4739
4869
5391
1266
2040
3481
5568
4554
3908
1180
5863
3708
5977
763
1031
2635
6080
1259
3930
4085
4399
4697
1240
3953
657
3288
835
2672
3201
5096
3475
5398
2078
1301
267
4908
2084
1450
6035
1864
4913
6119
2478
3561
4416
2312
184
5812
2497
4409
6067
2561
3274
4786
5616
2453
1360
208
414
2680
514
2569
6025
1578
3036
522
1017
6061
907
3820
1501
2019
1794
1879
1440
189
3608
129
2291
285
5975
1224
5458
616
3124
202
1443
4287
3393
1562
4197
923
2467
4176
887
2584
4613
6303
1538
3074
3430
885
843
1789
5075
4186
3115
2938
3866
4759
3730
2383
5864
6228
274
4005
4126
5650
4309
4537
2431
2038
4801
5605
6102
6312
963
3526
1170
1106
147
4512
1107
4428
3725
2621
5279
1531
5144
1665
3116
1439
2619
3994
741
996
4444
933
3717
1974
692
5092
3901
648
5613
6097
5687
4255
1229
1203
4943
5519
1795
1972
3889
3790
2490
1777
1386
889
2541
5927
6278
5688
1093
711
5844
727
2748
643
4523
5062
1164
2900
1554
4351
4465
3587
2099
3558
6151
3937
4519
4991
2047
3524
6292
4196
2670
620
5937
154
773
4057
2997
5333
5226
784
3922
896
4811
1089
3439
4516
2434
2211
4550
2297
1845
6157
480
461
5562
5428
3489
1624
3336
222
601
1526
2046
299
1976
3280
3806
5474
3089
813
3313
3732
3111
5859
2980
4328
803
3496
3157
3650
4567
1521
5050
3870
5190
1069
3605
555
5900
1467
237
1667
4769
644
3956
3693
557
6241
788
6246
3599
3268
5339
3295
2813
559
2691
602
570
2564
5417
630
6267
4606
1519
4045
444
995
2491
971
768
5559
4551
431
3769
5470
2855
6021
4382
4922
2231
1444
619
1145
4265
2443
5944
2384
4692
379
432
4277
4714
4337
5699
5573
2265
2184
5160
2567
1383
744
5334
1616
1509
2234
6136
5774
5828
1221
4376
2825
2689
5600
2180
6011
481
5473
2456
2447
216
3176
1185
5808
1100
4094
3919
5737
5637
3152
1010
5982
2631
3196
4815
2408
1570
5867
795
4756
158
3490
5693
2295
1438
2323
5596
6227
3460
1475
4718
2964
1632
1899
5301
3846
336
3939
5488
4013
1204
1095
4747
1749
1689
120
4103
156
2118
6089
3798
1436
695
133
5681
3108
2792
4847
1773
5618
3006
245
6032
4134
2288
4993
1002
5029
2417
4808
382
3188
1405
3758
143
371
3281
2922
4845
3319
395
5891
4296
639
2247
3350
5401
4152
4002
1568
1047
2557
5579
3135
2730
1230
2151
1344
1075
4639
4917
1851
5048
2586
5243
4300
4060
2761
5611
1923
456
2122
1303
3301
5034
4877
840
5218
4789
209
4932
4445
3834
4813
3434
3593
4561
5588
4468
5820
6221
2188
137
3246
2778
4394
1081
1671
3255
6323
3325
5139
4617
3511
2571
4004
4068
3359
5750
2268
4036
2681
5080
3875
3828
3984
4191
5853
560
4675
4271
3130
3959
3981
4027
544
5364
4541
1347
930
2176
623
1679
5443
1968
5569
1659
4127
5309
3061
3541
2254
13
225
4375
1282
4136
1286
6276
576
3570
3077
3574
1732
6167
6125
4679
1193
1176
5110
2308
1194
1743
3673
1001
4067
2948
4031
4209
84
1215
2320
4775
4251
1253
5254
5201
4924
6001
2331
268
5692
3112
4151
1239
583
392
6141
6175
4787
5524
2256
4509
2246
4876
4804
5743
4842
102
4173
5446
2412
1268
2736
4505
5830
136
3093
4349
945
1330
4443
80
5371
824
3342
2743
3285
4861
2634
3555
5790
2462
895
1937
4777
1378
1787
1997
6015
3519
1943
322
1639
3251
1653
2575
234
4187
4302
1971
4453
4132
5496
5516
391
5156
2435
429
3382
4735
4890
5567
1786
5294
617
4856
6336
1977
475
5851
5354
5231
4030
1986
2612
5843
2601
3694
1510
1223
93
948
4244
1738
2472
1567
2011
5818
4043
5230
1914
1696
5213
3057
3165
4708
6087
5283
4514
4339
1970
1112
4395
3265
1544
3344
1740
2636
2808
4992
1396
2869
897
131
2822
874
679
2784
1758
1422
4912
2861
1033
2154
2049
4829
6115
6139
575
6289
2510
2222
4111
1407
5384
5414
1965
372
67
2310
1522
3005
3097
3882
2388
5961
500
4691
5599
2937
823
3002
1305
3038
3383
4345
3207
2615
3132
4412
4768
3859
2410
2055
1872
1917
6205
5667
1982
319
3671
3577
1018
3747
2903
4882
2648
5327
6274
1233
3987
4834
1739
2624
45
1035
3591
3028
3841
4823
4020
5768
3663
359
5936
2622
1994
6197
6109
3362
2266
1316
1281
5039
5856
5631
5528
203
48
2714
4289
3360
1717
3192
4986
1342
4142
5476
1941
634
4222
5087
515
1156
5626
5296
5205
5591
2987
2773
2317
3316
4356
3092
2336
5454
3032
719
2303
6181
6293
1348
3087
513
5188
2507
3374
1559
1515
2696
958
4524
6158
653
3858
5266
1984
1705
197
1860
4340
1889
5259
4430
562
2455
36
4055
2955
1381
192
4477
4701
1004
1054
970
3017
2081
3467
6150
5772
3789
1277
4680
1391
5199
4760
3565
4614
3677
38
35
6006
718
5713
4717
2445
781
581
1029
4200
902
1003
964
3364
5336
2015
339
6048
303
2677
3988
5166
2641
421
1901
1030
459
6200
642
400
1775
2442
1996
2905
1697
4665
5444
4677
2419
3237
3338
3942
4019
2576
4780
5794
4226
4213
3913
725
1433
2842
4223
2892
1606
1588
2340
2540
800
1524
5959
3271
1099
4832
4593
6071
4128
3437
4580
3037
905
5318
6105
2659
5635
6129
3842
3368
1456
5704
6107
5091
4779
1435
5143
5946
2683
3664
2716
5873
5656
5735
3278
5665
4440
419
4182
3381
5788
5295
4273
5361
783
3195
3163
5281
4688
1956
4000
4906
5150
4202
2704
3392
4806
4604
161
580
5007
5799
2973
4175
2354
1663
4549
1857
5261
3292
4728
4770
4974
4901
53
6311
5580
3172
2851
3222
1731
3505
1719
3282
5771
1625
2637
6117
2697
2202
6068
1611
1394
1200
5054
1651
5840
4322
5548
532
315
260
6017
1967
929
474
2916
5668
3715
1514
1420
806
2919
4686
6322
2547
1644
2609
5910
2563
207
5942
5407
5102
6222
4131
1613
109
201
1218
5734
2037
5874
2777
1512
6003
2378
6213
4996
1656
4726
149
1421
346
4588
2533
1143
5215
1477
2958
3203
888
3332
2050
903
369
5153
2064
949
4088
2409
658
338
3510
1096
4017
5920
6211
3479
5577
300
5826
3455
5802
1027
4148
2888
2391
705
4852
4746
3843
1628
5754
943
1534
3170
2830
2424
3380
3710
5098
4744
3520
4776
4959
636
345
4594
3354
2821
4875
2814
3962
3149
46
2908
2759
5500
5842
6262
1607
2934
4052
2329
3698
4919
4729
4104
2250
2341
2131
6096
18
1841
6217
3053
3954
1291
2509
3863
3630
501
5894
1853
4828
3960
4989
4025
1744
5174
4531
23
1819
1338
2096
4405
162
6309
2709
5773
2433
3976
2198
2426
2485
3770
2568
5042
2797
6135
531
4297
3102
3518
2768
5883
5138
5909
5204
4535
3785
5752
2871
6294
3816
110
1108
664
2652
5268
2286
1602
3604
670
3696
6142
2022
1379
3417
5610
58
3938
3740
6231
2298
3701
2926
1565
1815
5952
4156
2350
1300
2583
2982
3347
2946
1811
2346
2459
2891
3742
4163
3871
3760
2597
4247
4164
2566
4171
4100
1024
779
3665
4158
4742
4188
4810
6310
1768
1479
5574
4278
4280
3767
4153
3309
4757
287
4049
696
2130
4145
1859
5783
6012
4755
1759
3649
5264
2651
1392
282
5683
470
2270
1288
1491
4267
3613
1056
5931
3537
2034
3341
1824
2721
2314
1109
2272
4450
3874
3211
6260
2481
698
2538
3412
418
2522
2649
3197
1516
726
6313
3513
3600
5776
635
373
1541
5367
762
3141
6173
890
3928
6212
49
2657
1709
6304
5594
4583
4966
3903
4138
1021
1498
4690
5518
3015
370
1852
4851
5971
62
3869
3405
6024
2685
5487
4172
747
3137
3217
2835
1136
2673
171
6076
5494
4113
4102
2290
4936
591
3384
3793
4941
5478
3622
348
4488
2134
3068
247
3173
4564
1448
924
1364
4872
6232
508
4706
2596
4539
1506
2504
2012
164
2992
5346
364
1038
2053
1465
5223
3413
4752
486
5411
408
1584
738
4930
4451
1104
2823
130
1235
1449
2866
5250
220
2530
1341
1685
2235
1590
4099
3741
5609
2877
4398
3610
5238
5306
2121
5960
3464
3072
831
2191
182
4129
4246
3636
5152
4797
4830
4486
1365
1975
3774
5355
3658
1120
5472
770
4481
6154
482
253
1416
4039
3579
3377
3
2776
3684
4284
4183
1080
4673
5898
3749
4965
569
5313
1993
2668
4689
519
5997
5855
5602
352
5801
1334
6111
5652
4301
3343
5416
4076
1880
1315
6049
2833
4192
545
5425
428
3283
2688
6027
1969
5847
5725
1612
5282
477
43
150
5598
717
1308
4367
4608
5111
5387
1561
5925
2071
5714
262
5023
776
2325
4668
4973
4239
6305
745
3611
5125
5969
4618
5148
4324
3491
31
3517
425
3078
6100
4978
2224
5412
1737
5070
6123
195
3706
21
2879
3011
4024
5746
2847
1518
2264
5357
1582
231
4530
5365
108
1876
3030
715
3631
4029
5159
1909
1179
1198
4018
1873
6179
269
3486
706
1660
5744
3466
4754
181
3154
1855
659
1417
6182
1577
2321
4417
2215
1064
6090
1690
325
2197
5451
3204
520
1798
2023
3436
2124
3711
2440
2780
2377
33
4166
472
3254
6145
344
4352
5219
2860
5916
5644
3731
124
1382
170
1149
3544
1912
4178
2878
3802
1712
5409
2828
3791
3476
4275
2674
2138
2213
4745
2006
2701
4184
6014
2539
5171
3291
2827
5868
504
507
5674
464
2415
2159
1151
5179
2206
4250
65
1700
6252
5684
5523
5901
5572
6133
1155
6207
4014
3865
516
97
1542
4177
3024
3667
3854
2787
3617
6114
6226
4436
3695
4400
5303
2591
4062
3153
4063
605
753
2850
2843
5963
2150
891
4545
3584
9
440
3147
3366
1362
3178
417
5165
5340
5225
4219
821
1916
5770
2345
4313
1902
3788
1212
6064
4281
3904
685
4144
938
1202
1645
4980
2875
5077
3409
5185
1882
3299
3818
3372
3754
68
1635
2228
3831
4562
327
6270
5815
2002
6324
4383
3454
1952
2906
5195
1353
2156
760
4427
2110
4236
761
4385
5452
1643
5161
808
6016
4955
3648
2457
3629
2489
78
5663
4193
1672
2923
2465
577
3837
2620
688
293
3110
5493
2311
4475
5489
51
5464
1410
6137
3446
5124
4926
4421
4074
2788
568
3836
66
5549
714
2352
3084
280
1669
4508
3898
1137
3279
1071
3070
2658
3864
6156
4720
4526
521
332
4929
3627
665
5779
728
2218
6000
1188
312
2767
191
5450
1725
5724
5896
5589
4835
4582
2660
4341
6277
4107
4015
2614
3563
4264
6110
5311
283
3645
4407
6050
916
5421
6315
4118
5535
4408
351
2129
3705
854
1124
2304
2845
4892
4809
5049
3139
5834
2589
3034
74
4369
5061
3832
2693
921
1793
3990
6325
3493
5085
5680
1713
2650
4871
2004
4130
6248
6116
2463
5113
2355
3398
1809
3800
3349
4343
95
5708
5646
1314
4695
1863
3162
765
4218
4370
1835
5408
3345
4783
2551
6143
1746
2162
1499
793
6037
4944
5565
6266
2963
1482
5546
1904
1005
1072
2367
5024
4967
4884
3395
1251
5787
1646
624
2573
199
4620
1078
4097
3263
4520
3943
1812
2848
4364
866
2526
6176
3287
1862
6033
2986
4546
1537
5711
3527
1247
5084
2372
1474
5506
4279
1147
2790
3103
4700
4956
2957
5664
331
4011
246
4069
3356
5736
1536
597
489
5217
1799
1896
778
5229
2102
2695
4051
61
5321
2722
990
5362
2577
3260
1931
669
6092
2764
850
342
6326
4654
1177
3042
881
2812
737
998
1036
4463
524
6144
1572
5976
5017
442
4942
354
2885
5072
6118
5564
4573
11
957
5648
2056
927
2107
4915
2260
2920
4533
721
1978
4160
1765
1175
6128
4536
4518
1500
4931
2972
4903
4846
3016
5886
3542
317
1800
530
289
1373
687
1897
4496
6183
2574
2243
832
4120
4788
5949
6075
1666
4494
6058
3145
6333
3448
3801
498
5240
1192
4825
1888
5307
2153
6187
5928
1274
2374
686
7
6329
433
3104
2543
4812
4510
458
2137
360
3586
4479
841
241
3508
5973
2160
2889
3302
64
4527
5106
5809
4678
4228
4632
4318
5608
3609
2018
1044
1374
1893
1398
2358
2281
1913
748
6019
6106
4291
3241
5897
5375
4626
188
743
691
529
870
2125
655
2817
5636
3095
1638
4600
2735
5342
4231
3573
5933
194
5816
239
1652
4355
2147
4454
1037
989
3228
1125
5756
4455
1066
2326
5987
4380
2276
4272
3181
3833
2117
3961
1778
5207
240
4939
2863
3494
4259
4499
2917
4137
3273
6291
1693
4636
5026
3787
5624
4995
2610
4605
5731
3151
4093
2702
1385
4998
4034
6126
4201
3883
4826
2294
1118
6056
1216
1273
5994
3804
674
2999
437
2600
3752
2890
5083
3047
81
1368
75
632
926
646
5116
1915
5877
2525
3783
867
3361
2809
6302
5170
1313
631
3210
865
1573
1803
4682
3131
547
4254
600
4237
3682
3297
3568
5691
4731
3912
6269
4599
3179
4988
5507
1677
2230
2675
638
4001
1154
5716
3474
5265
3680
3502
1683
3781
462
6081
2157
2048
2328
3472
4511
2662
5742
168
3979
2953
3810
4315
4388
543
4849
2726
399
1327
4050
2275
3676
1459
1729
572
5762
3264
5107
3317
2165
1427
3215
3642
2236
233
4736
2041
2638
6044
4923
5866
490
4073
668
3824
2244
4771
1770
4784
3235
953
2979
6185
98
406
4112
5289
1925
3414
5899
2941
37
628
551
448
5619
5675
4420
3765
6066
6198
415
3304
6055
1767
3931
3004
4635
5991
5328
473
1605
735
5536
2819
6188
2301
5715
5951
541
5468
1774
5239
3638
5378
4216
2829
3535
2369
540
820
5335
5753
5623
1891
4798
2684
5592
3762
2274
2430
5390
4555
3797
3306
3641
1874
3433
5033
1591
5566
1484
5418
2769
3252
1187
6065
2091
1425
5255
5823
1495
3598
3534
2172
2734
4467
4212
1706
5433
3589
615
906
3018
5505
361
3941
3058
1138
1090
960
1197
87
1633
4795
2337
5360
2599
3525
4266
5540
5349
6130
3851
411
1324
4230
2554
667
2935
3809
2929
3670
892
3212
2255
3189
1790
1237
2145
2800
3250
1117
4905
5595
5248
849
5697
3180
1257
5168
5643
3365
163
122
5065
4038
375
1529
5252
872
3329
5291
4070
5502
5415
3346
1900
5424
3136
3062
733
284
4937
1121
5745
2225
30
3554
5640
5317
1067
5014
2647
1275
4548
0
1722
2332
3456
2884
333
2468
3620
355
3860
5633
4083
2128
3206
5203
1908
3900
1244
2492
2625
3458
252
4174
2094
492
3840
1820
4308
2747
3867
1165
4325
5805
2708
6254
1370
812
1189
3799
5198
1480
2943
3575
5246
2517
912
1989
613
2927
6131
5941
4853
82
3327
3594
904
1702
3823
5512
2319
2013
2111
1597
2895
3046
596
5142
1496
2452
4576
4774
1821
1791
2397
2495
6234
4194
5829
5785
707
4392
4261
2690
2278
142
1733
2559
4307
3167
5385
786
5224
1797
954
243
1492
2174
1580
1796
4994
3421
682
6101
4371
1442
3982
5463
3351
1052
1059
740
2898
2300
5122
3477
1207
4840
878
1019
5154
1834
2092
5690
2238
4763
5461
556
6165
3852
1869
3075
5558
4221
219
5381
1682
5857
2811
5739
1256
992
1527
526
3564
3668
3686
1848
4676
5015
3238
5329
4782
1006
1205
218
2644
4080
4462
1481
3897
1964
6178
1284
376
2699
882
4833
453
2098
4733
782
2528
6339
567
1234
709
4320
1724
5088
3857
1507
2921
1710
6290
4954
2985
3422
2073
1332
2441
5587
894
4217
2977
694
2669
1307
1312
5696
2710
1808
1850
5477
3352
1642
5537
