325
6457
3886
1954
3328
1653
6883
2274
1953
4768
6842
4503
4181
1421
2934
3038
1936
6420
2552
4172
3205
1084
1047
3629
5787
6566
1815
4081
5790
2798
5987
5441
6300
4893
5733
4598
4631
3245
5195
4026
3977
5826
127
5768
5584
5565
5497
6408
3524
480
4429
1235
1341
1166
2120
6753
2604
3614
6039
662
4603
3984
6516
3816
5792
1705
433
6326
580
2215
3804
4127
1933
2939
5802
180
3005
3064
6293
4166
1481
2628
5703
1490
306
5320
5469
2540
2159
3873
3627
5075
884
380
6259
2697
6456
5181
522
4602
6636
3499
1433
1384
4725
2730
2702
2392
6383
2862
1305
1720
2294
2342
4054
6645
5362
1847
3859
5490
6594
1160
3755
1422
5644
6856
2940
4487
4465
2866
6331
546
1188
3685
2901
1327
4053
768
4392
5707
4945
6091
2793
3832
5810
4624
6641
4386
4582
6494
5322
2496
6919
1884
5110
225
479
6398
5548
5828
3449
819
2263
786
3308
6093
6984
2673
457
6576
3688
2135
3740
3995
685
1196
2375
6224
95
3244
5370
2271
2287
4072
4910
1264
6388
5680
4381
4318
1925
6097
6580
1569
1700
5908
1584
2326
2542
6505
2254
6193
6104
6985
6615
2918
5836
6063
543
5813
4140
261
6112
610
699
5048
6604
559
1379
570
5625
356
6041
1849
4329
6062
2581
1840
6038
3077
5311
4144
5255
4764
4246
6510
2477
4681
2679
4316
75
4615
984
3199
7
408
5885
3356
1395
3317
207
87
5849
4658
5961
2774
4050
3900
5882
5913
1682
6590
1041
1259
3617
646
1038
1677
6644
2249
6049
2613
2454
7000
3294
720
1798
6829
2316
4533
2382
4478
2278
1982
6764
925
2467
2791
2361
732
5120
5515
5927
3525
1684
84
1530
5947
6845
5612
4795
3241
4015
3184
5177
3815
523
3919
1257
1066
1740
6945
5830
1099
4545
4946
6113
5266
6244
2377
3870
3949
6828
2007
1633
1886
1612
2063
5477
4243
6539
477
1112
27
3552
3079
3653
1313
6221
1665
3456
3090
1661
5409
6782
31
1621
6650
1546
5632
6393
2324
5116
4831
3325
4439
1075
2476
5665
3998
3902
4562
771
6814
6103
1176
1999
3251
2637
5988
2836
647
5302
6354
1702
4449
5593
2071
4380
687
2547
4752
501
1738
2663
2875
6858
3509
5277
6175
781
1333
1137
3179
5783
2852
1288
5596
5314
5649
4761
3567
3496
3216
2481
2890
175
6316
1060
5812
1803
6536
4588
6162
4179
5963
3212
3909
3137
2470
5440
3046
5248
6001
4858
241
4534
6602
6443
904
5013
2266
5631
560
1871
305
6199
2461
6315
2140
1129
3448
1562
4989
796
280
292
4080
6459
3070
2117
4320
1616
5507
6625
4789
6743
3527
5873
5652
1819
4876
5633
2536
6659
5683
2314
5721
4044
2113
6830
6340
966
3288
5932
2969
2570
2012
6502
3400
6727
6473
2625
5160
369
5155
1813
1135
5173
6295
2472
4006
2425
3749
1049
6591
2034
693
1988
5921
6303
6339
6583
1405
2275
3319
5222
1613
4821
4692
569
6554
5732
4411
2734
637
6077
2615
1585
2397
56
1466
2562
1170
5081
4596
686
6952
2591
6838
4855
906
6671
6657
1232
2584
4005
3042
2970
2787
5978
6762
5561
4509
5992
5401
1589
270
5765
1
2914
675
4182
2414
6938
2869
7013
1218
5005
1812
2219
4404
6881
930
3743
1037
3369
1217
1626
1295
1443
3543
6543
1457
6612
3667
3285
6925
2767
1890
2429
4123
4890
4652
6445
3232
1701
4280
4413
5998
6382
1417
1206
1050
6341
6941
4804
1606
2808
1969
5357
245
6799
1639
3616
5542
1807
326
401
50
6180
1254
1836
6637
4155
2910
1652
2907
6878
5725
2385
5617
1263
2301
5205
3706
5868
1719
1763
6127
6971
3661
1586
604
4842
2959
6706
5198
1168
1557
4755
3096
4314
1268
5641
5333
3349
6173
4295
1898
3292
6794
3131
1814
1387
6530
2807
1483
407
837
4593
6068
1522
4077
1716
6497
4500
4730
849
1243
5105
4618
6412
1063
1410
6129
2199
1523
1412
4326
5344
1108
2231
5473
1283
4339
2753
4825
2070
2473
2860
3436
1704
7008
2285
6208
7010
3476
5208
1265
4305
1042
6776
2344
750
5353
3853
2227
1745
2586
6839
4661
4723
4460
1192
3225
1440
2951
185
328
3999
1573
4848
2631
3239
2355
3190
4444
5359
4668
1469
2032
3994
1570
2665
5614
2640
4861
3351
1346
1048
6351
2864
6212
6969
773
5952
2463
4680
2102
5514
5702
5917
2658
5739
4642
995
1345
406
4502
2060
1983
6936
3895
5128
2874
4849
4215
6042
6540
3203
2799
2300
1547
6970
5147
198
5780
6281
86
5583
1245
2097
6982
340
4506
3001
4819
425
120
1122
2893
2504
3693
5903
4436
6521
1325
6731
4090
5097
5123
6052
4293
5867
2513
6855
3276
3451
132
6726
4118
6622
3964
4495
8
828
613
6269
1496
1859
1878
2614
5200
2997
6025
2170
1016
2013
5242
6997
5134
1493
6967
5380
3549
74
5057
3050
130
1751
4630
6035
1962
5832
2718
2719
3207
6282
25
3554
2126
5332
3665
3868
6853
3362
413
6854
605
887
2689
2954
6248
2406
5878
1524
3969
2857
2303
2202
2629
3542
872
2795
6778
4912
2167
6270
495
2368
2554
6844
3824
2391
529
558
4916
5767
2269
6045
3690
496
6663
3657
2078
6206
1561
6318
1517
711
5137
1504
1949
6697
6801
4225
1076
6875
6860
5850
5183
908
1942
4760
2169
5559
5660
266
1723
924
6251
1695
4662
300
3943
5875
3741
4435
6071
6913
4447
2177
6705
6495
2255
2713
3411
1842
968
2345
2796
2151
1375
4115
6826
4287
6815
6356
2247
4913
6471
1874
1463
1708
5275
6348
1921
6884
1550
5642
4571
6174
447
5861
5239
1399
3167
7006
3579
2588
682
3027
2717
3215
6380
6994
1241
6942
2016
4552
304
4260
5833
4354
4303
2197
6136
1559
848
1714
2835
6713
4877
5476
5685
3347
2374
5613
6774
4724
4669
6789
556
2259
219
1336
5635
5871
885
5061
2654
5445
1011
435
4017
3840
6649
4122
3304
97
6739
859
6181
3211
2
2230
5502
607
3439
3428
1968
4747
2692
417
5760
5568
6247
6138
6746
1035
5749
6366
1821
1851
4556
678
842
3572
3390
4621
3335
1946
6773
6498
2598
1171
700
2645
4109
6957
4131
6702
5705
3801
1429
643
3247
6385
1485
5249
4300
5957
2096
3791
2389
398
1733
922
783
6010
6144
28
4572
3172
7012
733
893
5582
2228
5771
3435
6780
1348
5486
5854
6014
444
1862
4644
4737
6715
465
5101
2350
3173
243
1005
3010
2130
204
6542
4711
238
2756
4142
5067
3892
769
4728
358
6603
608
3149
2006
1923
4004
1034
1811
2828
3612
2448
3600
1998
3344
3057
4927
845
2311
2704
1784
5064
3831
1180
3726
1712
145
5259
5521
502
2176
2727
1195
1514
3991
6232
5336
3472
4938
6056
4809
6550
3426
4010
2441
3651
4124
4788
5588
5018
2664
5606
6036
4257
6648
1361
3492
4585
505
334
4357
2821
3935
1786
4066
1380
3913
494
1012
553
47
6944
5301
4706
1619
228
1948
1033
6910
2265
6943
6276
141
5558
2049
1894
6011
4007
5318
1781
186
4038
5291
4650
4815
5163
4782
5136
701
2501
6998
629
3262
6803
6168
988
4905
93
4076
2596
3833
5367
5472
5723
5008
6359
5316
6974
6215
2046
6666
6750
3032
5773
3681
467
4651
5753
2624
3983
4361
4117
4165
7011
5141
972
6240
4548
5629
370
5676
2446
110
1008
5610
1003
5306
6703
6751
3337
4700
6865
4823
630
2827
260
6734
6189
4616
803
5182
5498
3130
1780
6118
1797
5012
274
5556
2332
5678
343
6760
1234
6209
6145
3557
6096
2434
4839
5060
4779
386
4632
4494
5506
404
164
6621
2373
3127
3761
1817
5722
115
3113
1903
1472
3223
6419
2484
1074
2453
1107
3818
1104
3587
4346
4647
6736
3287
4996
6708
3128
2844
5809
2009
5731
1478
4422
4398
3099
3227
45
5270
3169
6810
4934
5376
6429
6965
5236
5525
5563
5463
5041
1796
14
3440
88
6376
6032
2030
2270
1178
2163
5688
1252
6337
1013
2748
299
3950
5511
877
3634
124
2379
3736
2298
5637
5394
1126
5851
626
6564
212
6711
3915
6522
6934
4467
6600
2154
4036
3957
5165
2916
5373
3229
5170
6444
1696
6155
1187
5549
5052
3268
2318
5145
1114
2055
5671
4441
910
5046
7002
1093
271
6849
718
420
3518
3145
1040
5385
3030
3654
1802
167
4592
5337
2518
6123
6301
5996
2095
3493
4654
3047
2076
6639
3512
3675
3534
547
6729
5666
4813
5737
3613
1611
5124
4514
6289
1123
4306
567
2019
4275
1973
6406
714
483
4025
6607
1544
4765
3556
3576
4013
2002
3336
1293
3532
1509
4710
6935
1938
679
4409
2293
390
2594
5343
4838
3243
6128
4406
5304
5059
6291
4982
3719
2497
4987
6709
493
5355
4683
6840
5010
2680
5738
3357
4065
6411
2681
1236
6194
353
2145
3434
6466
4067
3562
5051
2566
3151
3110
5960
5099
4800
3049
6902
6587
6812
1388
3772
4922
4028
3118
4297
5926
286
6724
5603
6534
4139
992
4697
597
2768
2897
6374
788
899
4345
5404
5053
3240
2780
4843
895
6836
3144
5202
1744
6462
2657
1620
3940
1301
3447
4897
1801
392
5634
1185
2561
3767
762
1121
3271
6336
6447
3594
5919
7001
3359
195
1556
1551
6196
6229
6898
5246
4559
6120
6377
4335
2616
2666
287
528
242
4365
3798
1319
5162
2854
227
172
3836
1270
1007
6872
1281
2296
1438
1632
1376
3284
2977
6431
2687
1520
4742
5299
2839
3293
3031
3020
1200
792
1296
1015
2990
2775
6869
5630
548
1929
3537
3125
4694
6833
6491
5030
1885
677
3975
1136
3563
3265
6874
6679
4407
1017
3313
1113
670
4914
3481
5126
2924
4748
6660
1820
1628
5778
6187
2611
1330
852
6214
2031
6892
2066
2710
1587
7009
3596
3765
3776
2503
1408
5682
4378
6658
5241
6589
2277
6927
1152
1284
5976
2670
3486
3452
65
2953
1623
1928
578
1394
4862
6956
4462
6885
4223
775
214
1594
2409
2115
4717
1904
4370
1290
3821
2557
5358
1693
2027
1868
3517
1116
4847
474
137
3473
1631
3163
3751
1459
1664
2936
1643
5803
3937
3256
5405
6742
4213
3230
2478
6958
1658
6234
1276
2783
4526
740
1133
3609
4323
2917
4362
3016
4102
3508
2354
5094
2806
2198
4879
4854
3529
624
3766
6142
2235
807
4400
5430
5626
5191
2232
5499
996
399
6851
2280
6506
2678
1456
2511
6197
4594
6230
5758
6198
728
1020
1934
2960
5000
1944
1785
4896
4926
5402
1966
3386
80
279
4512
826
2306
6973
3907
2065
2743
46
4434
1603
5293
3724
246
6200
3299
4519
2479
1715
3484
3290
2544
2773
1335
6978
3696
755
6461
2574
6538
6786
2781
2545
943
5260
3446
4047
1618
6294
2935
5230
1451
4583
3775
3480
6183
6572
314
2538
1344
512
5102
6218
6931
6264
742
4850
1985
1164
6078
5646
596
2290
4368
2723
2797
4908
5199
6763
4766
1997
4480
4614
5166
1081
4473
1358
1351
3639
3465
1564
4911
2571
6434
6905
6213
6852
3051
6013
3401
2742
3694
6449
1023
3641
4099
3383
1515
5526
2819
1528
1032
2367
1592
4073
1368
6808
5911
3009
5459
5922
1552
322
3730
1906
883
2841
1787
4623
2752
3956
215
4233
2427
1582
6606
1441
4248
1154
3857
1298
5734
2072
168
3536
507
6529
1054
2302
3214
3185
1131
1563
106
2603
5709
6107
6133
213
527
5827
4451
4427
5290
500
382
5949
3648
6121
5686
2365
1082
4881
2417
6586
372
4430
6061
2642
3343
4974
5772
3497
743
2943
1247
945
460
2460
438
4860
5
481
5054
3315
5022
5819
4481
809
600
6574
230
659
6195
5457
4517
1461
2895
5093
3652
3908
2292
5189
5068
152
1858
3202
5034
917
2881
1783
5309
2964
975
1920
5905
2677
376
6787
4279
5092
1513
4164
2010
3672
6512
5431
1967
6476
5223
99
3320
6630
4394
174
1479
4705
6823
3175
2999
4605
2175
3838
4424
5109
3201
1823
4707
6651
5188
1349
1317
4037
4564
6012
905
229
6440
2838
5640
487
3198
5540
4062
4817
4180
4798
4950
4087
719
1393
469
655
5478
1888
5659
1435
6616
2639
6484
4787
709
5862
1915
5375
587
6987
5736
199
6901
2815
2770
1165
6996
6759
5607
5340
3279
850
7007
2765
476
4056
4289
2647
698
5628
5570
6993
1083
3306
1961
5190
5587
5744
3442
5066
4973
6452
1169
3944
6527
541
2443
178
3250
6784
6493
3927
6312
2121
2136
5609
3981
3329
4988
3034
4939
5798
6989
6665
233
6302
2211
3437
5171
6370
1491
3702
6287
1536
67
6417
519
2804
5487
2840
4750
3656
3254
575
4851
6582
5482
3048
2108
873
2181
4352
2605
5877
6379
2044
1604
3490
5675
589
967
5529
3607
2952
3475
5231
614
5717
3784
2731
4321
844
3618
4167
6019
991
3768
5668
1071
5237
4965
5434
6863
6166
3231
6299
3259
3663
5624
1503
2653
458
3398
2851
2471
1831
5361
2837
6983
4496
139
4784
4214
4814
6201
3997
1039
4863
2593
248
5997
2114
4554
100
4472
4875
4350
4001
5282
4884
2482
5139
785
1990
6937
5510
341
4241
822
2925
6513
2966
5011
486
5428
3709
6090
5035
4202
2834
4906
3806
2465
6628
5400
986
4743
2995
5023
3387
4107
1534
6968
777
3376
672
1148
395
959
4074
5453
3781
3301
5879
1994
30
5589
6332
3312
4162
4584
6893
2351
6947
3817
1975
5076
5167
5674
4317
4455
1629
6699
6346
857
6964
383
5007
5278
5235
2978
644
6768
4721
6329
1568
5415
262
2602
5874
2327
4143
2192
346
6733
1676
869
1596
310
6798
2903
5530
4791
680
364
6528
3226
5180
5388
3799
1069
4428
5650
5657
4942
1866
2131
3646
3115
6904
412
3191
3747
2762
3515
2592
418
5175
1832
3884
1638
1709
5308
7003
820
430
3443
3632
6343
4856
42
939
633
1779
2648
5324
5615
6114
2845
4587
3717
1605
2081
5146
2595
2989
5289
3003
1294
2015
1987
794
2802
1856
2946
3615
5187
1981
5590
3092
5532
878
979
4071
3893
6050
2289
5374
5656
2209
2635
6696
485
2541
1597
4613
5557
5229
1024
3378
2641
6418
3188
114
3916
3510
1056
853
332
6003
2535
2908
6772
6422
1867
5286
5407
3415
5002
6611
625
5512
4425
197
3679
1765
5003
5460
2338
6735
16
2466
2716
5840
1357
3500
490
4952
2155
6877
320
4955
5084
32
6143
3235
3880
5444
816
6304
1758
3713
6567
6479
2922
3052
3593
6424
2976
6037
4363
5855
2569
4244
5026
3282
776
6519
3811
6384
3392
3830
2435
3760
3737
2047
29
4688
2134
4671
5135
4033
6777
4197
1907
736
1141
3200
4507
2276
5865
5294
5820
957
2084
5153
4770
272
2744
6821
536
6792
3835
98
5852
4420
565
5619
4715
2607
5714
4595
2107
636
6349
1320
1100
1110
3397
5814
5192
1525
2785
4964
5785
5946
3076
1193
734
4110
5209
4832
2886
4685
4309
1398
2323
2222
6468
3488
3742
2620
6296
6323
5975
4296
6442
2502
6570
2349
6241
2260
4043
2061
4113
5687
1314
6239
3236
6951
2507
627
4679
3261
6710
3367
6358
5764
112
1755
1103
5692
3674
126
1822
4281
2659
2132
4695
1824
3385
1312
6330
3933
4744
1340
374
5392
1258
539
3166
5769
2902
4655
1777
4432
1852
4617
3734
1861
1029
3482
2413
3148
4340
5038
3028
2926
4325
202
4216
838
5438
12
3358
2452
2183
2816
2923
5986
6169
4341
3088
357
4185
5424
3987
5964
2337
1732
5395
1833
2867
2530
3996
2359
378
4342
5750
362
4780
3540
2671
94
5129
1507
4573
221
142
4417
3577
3022
3980
1913
2179
4699
3928
1233
4754
3035
5338
909
2400
6024
823
2942
1671
275
564
277
5928
6618
1845
1595
4229
2450
5351
4591
2494
6017
2033
937
994
1467
3280
6060
3507
1805
2643
1365
176
2089
3535
6378
623
4702
432
5203
5711
3059
3746
257
3550
5653
3588
2899
5944
2682
5575
1179
1450
107
5823
593
3066
2559
6806
1860
4154
1670
4907
3691
1717
3321
6559
5910
516
1939
338
70
5006
1971
439
4627
263
4238
1970
6105
1710
2459
3785
4158
3355
4068
4086
1277
2660
5413
6288
2859
4869
5929
1208
1991
2028
4450
868
24
3122
5528
6018
1771
4330
5149
3759
6911
3561
3513
2883
62
4268
5417
6896
1186
4210
2986
4498
832
5245
1746
971
3345
1724
5560
2043
2612
5623
155
4708
2149
6317
704
2905
1830
498
4119
6977
5519
5087
5073
3888
3953
6430
3
1506
3177
6915
6579
4785
6613
6203
2347
3698
1146
2436
4840
6900
3968
2462
6219
1912
2214
2456
5055
4254
5493
6681
5800
3388
6866
4177
1986
3100
2086
3467
5095
2240
6954
169
4540
4356
6325
6813
1703
3923
503
5700
5050
2018
102
5866
2524
6692
2405
1499
517
1205
5039
5100
4569
1432
2194
1926
6788
3289
4008
2212
2352
1646
6026
6075
1132
6832
3729
5119
2156
4078
6980
6569
4347
6672
1706
3187
4133
4040
2124
2937
2583
268
753
725
3150
6361
2500
4522
1102
4739
5398
2233
5121
6311
1766
1950
3065
1002
379
4129
1211
4532
843
4520
5335
1174
2048
2858
1593
5965
2877
61
1956
2896
1575
4515
2356
6508
4136
2580
422
4456
3839
5414
5808
34
17
1356
3036
1036
3416
3875
6953
3333
4302
1197
1512
3578
6252
1386
1420
3310
1897
3072
15
2146
499
5219
6421
3210
1854
6716
5193
402
6765
6599
5759
5368
4464
3237
724
2237
2505
403
5745
90
2110
3931
4082
1519
4161
2528
586
1425
5240
6182
6533
5906
2831
6820
1278
3878
1182
2387
5303
4557
5108
1553
6577
5410
6632
6055
2410
4830
6490
4064
931
3326
761
3666
5443
6083
3071
2572
4954
5872
5276
4726
4767
5321
5531
6785
4002
5701
4371
4408
2683
6793
4551
5572
6744
521
4933
6210
1725
6609
3958
4756
2004
864
201
1978
4299
6465
5496
4488
5755
1908
1363
4224
6802
220
3539
3938
2495
1307
133
619
4461
641
3538
2818
5272
4829
3829
6501
5455
6416
4285
4052
3906
4733
2789
506
814
2760
2139
2246
121
2919
183
1030
4106
216
3548
1853
6073
416
3796
756
4367
782
179
1697
6034
1155
1175
3896
6718
5956
1668
3246
4900
4978
5489
1729
2075
6333
5672
6680
5547
4415
6404
3668
3139
6254
4732
551
6948
2226
2201
5369
3844
450
6605
4200
5265
5274
446
2558
3619
3161
5627
4741
2035
4019
273
3053
6642
876
5214
193
5939
6988
2059
5268
2225
5658
2621
5889
6769
5715
2861
1799
1713
3745
6929
3291
2418
913
1521
4372
1256
492
5727
5539
3039
1692
603
1105
1919
3384
2506
3249
3861
1580
6000
3058
6834
1090
6033
6489
602
5058
6916
5017
2223
5212
1495
1578
926
3763
4208
1046
1864
1273
863
6149
6265
4670
1226
4970
3266
1059
6868
3342
1088
6186
4194
5535
5131
3962
5883
6555
3867
373
2058
4160
1734
5238
4523
508
5786
384
3348
3374
861
2516
4265
4170
1043
4175
6170
3528
758
1590
5269
4284
5989
973
5920
5662
3723
5541
6167
3630
4274
2521
2245
969
538
1470
162
6487
5334
1458
108
2987
4576
3531
3711
4204
6488
455
6124
3637
2116
4359
2532
5951
1841
6721
2335
1558
1750
5821
5492
4586
3910
3624
592
2380
1826
2722
146
3404
295
5426
2879
609
1289
4674
289
2526
3712
4604
2399
5618
5098
2906
3354
1870
520
4187
3105
3863
5991
3834
3373
4163
1965
6740
5360
2390
5132
6079
4375
223
6568
1657
2299
4105
4589
6435
1150
1989
3366
4984
4191
1730
2353
6266
6986
1355
368
2912
443
3217
6624
6653
1649
2185
6236
2242
1602
1018
1468
6153
6081
6048
4085
2755
5422
5729
1957
4638
3942
669
2589
6163
1689
4349
3894
3495
6627
5152
5848
5341
5399
117
3774
122
468
2732
1350
4645
657
3976
1976
4012
20
4718
615
5973
1747
3487
2360
1674
1367
3204
2609
2464
2250
1484
1673
697
1996
5389
4395
4168
1800
6531
4948
3371
2911
3102
6481
2675
2693
2005
1736
4820
5078
4565
962
4981
4193
6515
3189
5096
2073
712
4373
1111
6876
6551
898
6433
3455
5043
461
5194
1882
3491
934
2740
1922
2930
4266
5347
4633
4810
2330
3002
1027
436
2567
6220
4282
3914
2264
3419
366
594
6238
181
977
1927
3934
2649
1731
5831
367
1428
5724
4902
5079
739
2800
3626
6553
5326
3263
452
4689
6373
6469
352
361
6524
4953
2685
5743
813
5447
4387
3680
3570
1079
6756
1087
1640
3842
10
116
6500
5907
6054
6401
2489
389
4088
3722
148
5025
3754
882
4083
6313
3017
4092
5698
1947
3224
5118
3955
5752
1328
1837
6685
4399
2412
1711
4351
5033
4095
715
4625
240
1471
1157
5217
622
6290
276
534
3425
2887
5948
6400
5900
952
6099
3899
2553
393
1630
3086
2590
916
153
4159
4894
4513
1216
1791
2420
348
5585
4535
2437
3136
6748
2112
1635
6755
5014
2158
3255
4032
2674
1407
6043
205
3837
1010
618
4941
5887
3026
6723
5127
349
2975
3377
6474
2064
3126
4490
2493
6415
4874
3296
2395
3322
3219
5220
6132
5283
1688
2378
6211
3971
3466
4763
4796
6158
4701
4031
1021
4649
4493
2248
3602
812
5281
5273
5224
4360
2258
6286
1389
5019
1117
400
4611
5775
2790
1679
3138
684
716
4812
3206
2419
6292
1666
1434
5684
4549
3692
4735
4935
2370
2428
6779
791
5225
424
3564
3869
2565
3098
5408
308
4253
3778
3541
5552
2884
1598
3704
779
6741
6390
3559
3305
5602
6463
2761
53
1418
5747
940
4822
1768
2297
5481
1474
161
475
3158
4288
4403
3140
5421
6102
3753
3334
3141
81
6092
5204
4639
3769
1382
6095
2307
419
4454
6514
6184
2938
1306
3671
5564
3258
6960
2712
3793
806
2849
6245
1804
6588
4758
2878
5710
5594
730
1686
2749
6460
2322
4956
5934
4777
2813
5598
5842
6072
4865
4383
6921
6207
1545
5062
5295
1144
2699
4951
4039
3590
6809
1511
3845
1272
5573
489
5218
4152
3101
6345
33
2244
2457
5983
4311
2281
1782
3750
21
456
5285
2017
2189
1370
620
131
510
4104
3450
764
5319
706
6633
5853
727
6371
3864
5418
123
5774
810
717
663
4
4636
2308
735
6758
5579
6394
5967
2690
1622
2725
6165
982
1473
4612
2972
2606
1403
298
5261
6089
3504
3045
576
387
4385
5462
1549
1683
2618
1402
3545
927
4369
2195
1609
5161
1795
1647
6255
2372
2433
5931
713
6745
1501
5601
6976
2037
6908
1642
5754
347
6369
69
3714
5845
3735
442
3153
6562
3108
163
2947
6546
1663
1240
5546
5550
616
3501
2788
58
855
3267
3505
3192
4691
6687
309
5172
5015
2213
6470
1310
125
3582
4643
6110
1318
4188
3073
5537
4528
391
3114
4149
4396
6880
5090
3826
4049
4883
2166
5797
2273
3621
2364
4227
598
73
4116
4976
5958
1000
974
6652
1242
6008
3340
3252
4836
2205
5384
2143
249
5032
6321
4379
1955
3307
2468
331
1223
2393
6134
1053
1214
6446
3457
6643
760
5938
6720
2555
5456
6319
4936
6157
4570
6924
2655
5371
5843
1072
2929
3716
5072
1911
860
2941
1607
5677
3176
5864
1489
5520
150
1311
3352
2750
3966
2498
808
5387
2257
6455
818
989
6932
4207
1672
3234
3591
3951
5829
3725
2950
2186
3433
5837
5763
5945
4212
4687
66
4889
409
3221
5762
4100
4348
2103
3453
1381
5406
2894
5795
797
4128
2662
4476
3006
3601
1535
4696
5442
4457
4536
1316
2696
2809
3770
3000
6946
5063
2973
3183
1220
4051
23
3947
3396
2022
3683
3162
2295
1510
1737
1727
1872
1177
1901
6804
2630
5781
668
2424
2824
5467
4524
6638
5228
3945
3792
542
4882
428
377
4458
6691
6109
1183
4606
4310
515
1508
3427
3257
5382
799
5089
2423
1505
4103
3379
3063
3891
4542
1538
2811
2416
5211
3876
4516
1487
1300
319
3164
6827
252
902
64
104
948
2792
222
6387
890
5156
676
1080
824
5708
4391
4577
5201
5258
744
4547
2243
2165
6256
4968
3208
4607
5720
3911
2577
5915
5130
5483
1212
2147
5970
3924
1124
1873
2509
4474
6857
2398
1302
5028
453
316
5271
1445
4482
2724
3041
4971
2772
2187
2578
5574
638
1465
1255
923
1251
4334
255
4667
1120
6800
5107
1775
6334
3364
283
5580
789
144
1931
1883
6076
3067
1879
5488
562
4057
1436
2949
6426
6610
464
301
4089
2898
4262
140
4811
911
4269
3819
296
3633
6914
4678
3855
4736
4985
1385
1943
2794
901
3056
6409
5571
2669
3270
4864
1865
582
881
998
4468
2415
6894
6485
6771
3134
6523
4690
1261
897
5377
531
6557
4546
1698
4196
1827
5157
4069
3898
1760
459
4384
5468
5880
5816
3430
4963
6499
5909
6159
6306
339
987
1145
3298
3972
6732
4171
4263
4176
1480
4501
4923
5953
6066
865
6511
1026
0
3418
1844
2038
3636
759
3565
1077
4294
949
2474
5916
938
6552
3589
478
833
1009
3575
4525
6825
2343
3218
3677
6781
3471
2251
6273
3874
5264
22
5184
1031
6592
4174
5611
2985
525
6879
2082
2786
2025
1554
1266
1900
6428
5971
59
4567
3783
5636
3812
2062
4401
3566
6297
5857
51
6870
434
710
4120
3182
2188
1685
6367
5056
4641
194
2715
5918
1062
2499
6322
1728
4273
6847
2438
2196
1437
5381
5835
3917
6757
5648
6242
6850
4079
6548
3506
5551
5458
2492
5080
3659
4714
5104
3930
5251
388
4205
1895
4192
3015
2537
1952
947
6686
3029
6403
2766
2020
4308
5103
4237
113
3311
4135
747
3012
6822
149
2701
253
5995
914
1776
4418
5807
3106
6185
6677
1875
2483
1624
5432
281
2759
4471
5446
5898
1138
2217
2268
1189
488
5024
628
4684
26
1916
284
956
5761
4483
3195
866
5213
2739
1163
3967
4931
1492
6086
2449
4477
4150
5215
6100
4660
4245
6423
4757
2282
1001
6141
6156
2764
4793
871
2157
4857
4709
1051
396
5858
4416
3727
2763
951
5403
661
3669
6818
1475
3925
3553
2174
6895
1855
722
599
1881
1488
4786
1699
2133
4009
980
2514
6961
203
537
4199
4508
4574
5221
1118
581
6475
313
4374
3965
57
1825
703
5365
4995
3429
6046
3988
6119
3670
35
2619
4915
190
2383
2636
411
4070
2714
6327
2652
4719
11
5822
907
511
4759
431
1184
6903
2777
836
1769
4312
1364
4290
3889
4121
1662
365
4091
2564
55
1567
3580
4485
3520
3160
4518
3807
427
2927
2023
6277
2932
323
2003
3123
2991
4892
2241
2771
6770
4186
2871
584
226
5088
6347
2776
1304
3021
2490
4315
5232
259
5638
2305
2661
4035
4561
3382
3389
4423
3300
6891
5577
1297
6907
2830
737
3721
4958
5562
5914
3623
6752
1352
3441
4046
4389
4393
5600
557
6164
3849
3363
209
2144
4673
1353
3620
4097
4258
68
6225
2447
1945
1690
896
4298
6848
4267
929
1089
6537
5801
5196
2921
2171
1092
5243
3673
721
2284
5516
801
2738
6700
3800
3297
5393
4531
3409
1414
6950
1282
4597
1383
6581
1891
5234
1583
5994
5348
6897
160
4818
2747
2339
2128
4599
6126
1914
4134
1808
5158
6928
688
5899
4991
4686
5673
4405
6598
3061
2546
302
1539
2439
1238
5339
258
3406
6634
3802
3178
954
540
867
3238
1748
1392
177
4041
5886
5480
5044
5942
4609
1532
5805
3095
5500
3978
4575
2238
5254
4558
2321
3979
134
171
5298
5860
2426
5689
6886
6275
5869
6608
3905
5817
918
4328
4448
3858
3705
4895
5037
3438
6767
3856
4096
2210
3171
3718
2575
3132
1930
251
5661
4217
1992
6176
4997
795
2445
5543
2703
3993
1648
4336
1516
3135
3119
5323
5474
3790
48
3848
3093
5411
4704
3146
4206
6963
3797
4236
1896
6436
2512
6362
3078
2585
4402
6674
5595
549
1675
2123
3445
2109
3248
6262
1656
1828
660
726
3083
6682
206
1655
1279
2721
3403
1119
3327
1292
4055
6675
4619
3929
5031
2042
6796
6007
5639
639
1128
4504
1209
5902
2550
1579
5604
5300
1754
2870
4740
5437
2529
2708
5538
1248
6192
4859
4969
3803
6717
96
3788
6278
6841
2376
5185
4242
1446
5427
6549
5846
311
4960
1774
4656
964
3464
3795
441
4666
811
4959
2050
2236
856
6917
4250
2974
772
1980
5839
2597
651
3695
6344
3459
39
1369
2384
6899
1366
4020
6257
2667
4919
6698
5150
3117
4529
3635
6584
6350
6668
3647
3121
1846
6835
1085
6027
851
4693
5045
751
2160
4899
3393
210
2891
2099
4943
1742
4453
2694
6626
3283
89
892
3097
6640
3860
1707
6690
2736
6909
4608
561
5740
4112
3432
6676
6738
5841
6707
5142
3686
2208
1749
2366
6486
5699
2944
6923
5881
2751
5049
5315
5950
6226
3069
3707
5605
4479
1588
2688
1230
1199
3954
2850
4675
6314
1065
239
437
1095
3877
2172
5757
1863
3220
4239
4147
1636
3380
4024
6360
5955
3458
3014
1615
324
5679
4255
1014
3643
3168
2312
4834
4003
208
1181
2882
3470
2823
3075
4048
2256
4870
530
1322
2863
920
4807
640
6725
4762
6654
1143
5216
4917
1654
5176
621
3820
879
3604
5312
3062
5597
5386
6028
4663
2705
4677
4023
5029
4148
6125
778
3478
5654
4132
2812
3758
960
2737
3738
5071
4419
4845
2348
6305
4634
1329
981
5884
2101
3936
363
1464
3558
3519
2052
1644
85
1541
3274
6496
6188
5227
5663
2650
2517
4772
5207
4486
5082
6585
970
6023
2045
5896
2700
4442
965
2401
385
5154
6352
4553
6714
1106
1453
1044
4853
2982
2407
6070
6867
2001
1285
1793
5897
1527
4235
1641
3640
423
3786
1614
4543
3862
1004
3921
4203
5713
6737
5494
1323
1687
3346
6405
3645
147
2000
3087
3676
1482
6020
312
3544
4264
1735
5937
6831
5554
1637
5267
5815
999
4426
354
4778
2520
3611
5977
6749
880
6922
2203
3460
269
2304
2068
3033
4343
3814
5524
4886
3610
3004
2026
6571
1726
1529
6882
6593
5065
3094
4322
1869
5930
4249
4792
4550
1960
4828
6235
6811
3771
4272
4491
2036
4259
2388
4034
182
3080
497
1574
656
4637
3595
3922
5863
6391
3405
6448
5645
3143
888
1430
4234
2403
5345
3569
4801
1770
2510
2480
2769
4221
5643
1153
3421
6140
645
4628
5117
4459
3941
3479
4872
4412
5690
6363
1977
72
330
5608
1173
749
4151
3469
6661
1543
4841
293
1566
473
2909
6233
6890
805
1887
2325
4722
6237
1892
6031
6441
4410
6111
2432
6509
5279
1401
6047
3209
36
3526
2317
1932
1067
6532
1426
5695
2826
2451
3574
2961
2178
1572
2551
6518
5047
6662
5834
1086
3825
5112
3395
1419
2074
4231
3810
5280
491
1761
3133
5513
4977
6507
3904
1959
3180
3903
4505
1267
2067
6217
5935
3879
3787
4324
1061
518
526
6438
1909
4590
6453
591
6029
154
5870
741
6694
157
2469
2998
1974
2442
1762
1109
1555
6004
2560
426
2965
5004
642
2556
2842
6664
4240
1339
936
573
5522
6353
3424
5244
6152
2534
4868
4937
135
1608
1937
601
3391
2945
4156
3055
1280
6271
4366
2118
2272
3697
5890
5718
1625
2057
4816
689
318
4601
4173
1792
5784
3959
4475
6503
4291
1022
217
6202
3960
2971
5566
3782
187
2487
2204
5466
2150
136
5040
5730
1204
1159
1794
1215
5670
3866
2933
5086
6544
224
4776
4961
5350
6307
2729
1198
5352
915
3089
2488
2853
1565
6389
6684
6
4539
4653
5020
166
6695
1244
1221
650
6981
6775
1680
2695
6250
5782
3222
4313
3708
3720
344
1935
2803
1347
6693
2363
3926
129
1645
2486
3827
5397
1753
3992
2267
1271
4626
2872
944
6783
1400
5471
4138
674
1057
4178
4727
3431
6392
858
690
800
18
6631
5077
6160
4925
4827
6837
6263
6930
1958
2548
1877
3157
6074
1810
2040
2207
1741
6966
4975
649
317
5555
3655
4871
3660
3025
4438
3592
635
3970
1151
1839
2992
6364
3764
766
3952
5818
2892
652
2646
71
6797
1918
1210
3701
612
702
3599
5305
4580
6940
2684
5429
1880
3350
78
3339
2162
235
3463
2182
1576
2865
634
774
3739
6057
5924
4137
2885
4837
2820
4967
2814
4337
1526
5115
932
5179
1291
60
4058
2253
4499
5569
3850
2633
5599
1161
1269
4276
5968
2106
2386
6689
6912
3381
3423
2563
2190
2475
2458
6480
4061
5901
264
5806
3159
5553
101
76
6309
2148
3530
3625
5804
3156
2706
2967
6372
2873
955
4125
3581
3124
3181
6926
43
5226
4484
1477
2832
1940
4802
2784
2656
6728
2634
5356
6222
2216
752
1101
2098
2394
3780
5257
1650
6451
329
4489
471
4108
585
2876
933
5505
985
6151
5993
2549
5042
2984
3324
4806
928
2105
4703
765
666
5206
2825
5974
2928
6560
692
5741
4918
6338
4183
4141
397
6843
5527
6177
2993
4751
3939
6399
6437
3990
1531
847
2582
5420
2320
3018
2720
4220
854
545
1669
3275
5982
6819
5140
5454
6620
2085
336
6482
4440
3085
5793
1397
6227
6861
572
1497
6454
3402
4201
2127
4781
5436
82
1140
6204
568
1068
963
941
2622
1130
5396
6805
1542
1951
6683
6722
3081
191
3082
2676
1634
6573
1239
211
4397
835
5503
513
1073
3843
4184
6279
52
5439
7005
5164
4219
6918
2152
3399
2623
738
3233
953
6999
2029
6065
4898
105
6084
3213
5742
4844
5284
1610
6478
1227
5904
3341
2191
6108
6862
4929
3551
2422
577
1373
2848
5144
2053
231
3631
2508
3828
793
3808
1722
1337
282
5148
935
2310
1498
4029
6022
49
1416
671
4130
5933
3147
3822
695
5310
4657
5746
1431
5070
4803
6846
6261
6719
1910
1577
451
4794
4452
63
2336
4232
976
3521
3361
1391
3112
2626
1829
3699
6069
6673
3756
5419
1253
5990
5470
5484
3228
4331
1275
4873
696
6889
1078
5091
4928
466
4852
2404
6407
1096
903
6933
2220
4880
3084
5581
891
6122
381
5448
524
6791
4676
3823
5330
6342
5247
2948
1993
3068
2229
6115
3277
5364
4190
256
4909
375
394
4431
2531
5111
5317
3865
3413
6712
3682
158
978
4319
5592
1354
189
6526
2141
3485
4169
3197
4544
5859
5748
552
3573
3872
6617
2341
3302
2180
2782
1818
2957
4555
4014
5036
1250
6623
2963
2754
6766
4738
1194
5691
3748
3091
2822
5735
6563
1207
617
5789
1274
1338
6396
6817
3948
2644
3422
2444
3483
4903
4270
2340
4769
1342
595
4944
4635
3461
827
1260
4466
1371
3303
1681
307
1972
2576
2711
371
6795
3644
3037
4940
5504
4773
6161
5704
4530
3638
588
2357
472
2726
1091
151
6556
6190
4251
265
3444
5888
5891
3932
1415
6381
6116
3973
3462
5706
6669
6087
3715
5693
1984
6006
2239
3196
3477
5452
5984
4930
3120
5133
2778
5620
3882
5485
770
5069
6824
4980
5169
6427
6704
4226
5122
6106
4228
4568
5980
2900
2608
554
4885
5969
4994
6355
6135
4198
2100
590
184
3606
6595
6535
654
3278
1390
6130
3546
5256
2252
5651
410
4713
3007
2707
3142
3560
4920
6365
2346
1058
6154
4433
333
2728
3360
1533
5287
4537
6730
1228
5197
2668
4222
5016
6328
6859
5892
6955
746
6009
2111
5941
1423
5307
2153
2234
3687
3353
5001
5647
2515
335
2627
3523
694
2411
5954
6253
1134
3847
817
2988
2313
337
3628
4027
6975
2758
1219
2698
5325
2408
4463
359
4808
3773
4887
1377
4470
1147
4358
1287
4011
6044
37
6596
1581
4578
1743
2138
1098
3410
4030
1372
4891
4278
6260
1424
829
3372
6414
6790
2371
3779
2741
4972
993
3912
1326
5186
4111
2309
4664
1070
462
1809
5412
3060
6992
6614
1591
535
3852
5292
3253
4846
1889
5327
3186
1025
5495
5021
1759
4947
4979
1718
4999
1838
6016
5959
6464
2686
2286
159
2980
3733
2801
691
1617
6601
1249
4805
4629
111
6002
6439
482
6545
2119
3332
3622
3684
6082
2224
6272
6395
1500
3454
6231
4022
4145
250
1537
5143
6205
3744
754
804
5114
683
3338
1790
840
2543
1156
470
6647
5936
119
2094
6402
846
3813
5697
1052
1540
5416
1905
3152
200
1518
4355
5726
41
6284
5912
3789
1127
5138
2315
5475
2539
748
2519
4443
2455
2104
2533
6701
1979
4256
3489
6656
504
188
5544
3974
1229
4414
5379
3116
1231
583
2011
1963
3809
2573
2981
3805
3054
5210
1447
4538
723
798
5776
3375
4745
1162
4094
1964
6101
4230
5893
2913
6243
4084
4327
3242
2262
4797
5962
3368
2093
5151
3170
2200
2164
4277
729
2527
1691
889
745
1045
1308
2817
5567
170
1834
2430
44
1917
5811
4962
3412
1097
632
103
440
5925
1454
997
2421
2291
143
1406
3468
1413
3658
1462
4126
2880
5591
2381
6425
4563
5491
2856
2054
2369
1404
1764
2122
232
4581
165
2983
4301
4045
3040
509
1660
4622
2733
5712
2440
533
1331
3547
2931
3502
5450
4421
1321
5106
6178
3897
54
244
4957
1806
3586
4904
3272
4783
4060
4445
6619
4098
4101
1659
2125
4771
4672
4620
5461
6310
1601
574
5981
3408
4247
6432
6873
4775
3331
1213
4021
3568
5451
2617
38
4000
2868
6397
3846
4261
2846
3728
6274
3111
6139
1094
2600
514
1286
2039
6150
4382
278
942
1494
2206
5383
4716
5796
2184
834
1941
6472
3605
5366
5923
1721
2601
2485
681
5508
961
2193
1893
4252
4866
5838
4712
1203
5943
2328
448
5621
1835
6646
5777
1460
6053
6283
3043
886
3678
5719
2587
6991
4566
234
3318
894
1651
3365
3982
3603
6575
315
342
3370
4146
1439
831
5288
653
2979
6413
6067
4659
5378
550
6410
1332
2855
4992
2161
6504
2962
3885
4579
3794
6015
3474
841
4189
563
3417
5766
2568
3841
3516
4720
1739
429
1142
4469
4600
254
3555
6021
6285
6179
4998
6058
5972
2523
6558
3323
900
5252
6688
1309
6483
3281
6094
4075
3732
3961
2056
3286
1442
4682
297
4209
5372
6051
5178
5233
4888
6887
3420
6137
3414
5313
1028
6578
5667
707
4271
912
4195
4211
6520
784
128
2329
92
6962
2709
6888
118
4338
1149
5824
1850
345
6864
830
3689
5174
6064
1678
4921
5433
5844
4511
6678
173
6040
463
6754
4924
5681
2888
2757
6223
6939
2142
5449
3165
5390
2525
5751
2779
2358
3024
445
1448
3103
667
5576
291
2051
294
6635
2279
802
2958
6467
6949
5423
3503
2847
4304
2735
6565
4042
787
4497
5518
1224
5770
5696
4527
1995
579
825
3273
3019
1334
3883
247
2994
2083
2956
2331
350
4333
5465
6990
360
4218
1694
6959
454
1359
2319
2041
611
351
1449
3920
2691
6228
5425
4826
6085
4774
1627
2080
449
2889
2069
5799
1246
2221
6995
6117
5479
5825
870
3710
5586
5847
6147
4610
2087
1667
2996
731
3662
5756
2334
5894
919
4648
4292
303
2091
3154
5113
5263
1191
4492
2915
1857
2638
6080
5876
6761
2333
2745
4790
1600
2008
288
5523
2396
1476
4437
1560
4344
3887
4063
6249
2024
237
3703
4824
5027
2805
3946
1843
2088
946
5794
1167
3008
6030
821
5966
2672
4665
606
6517
109
3598
1788
3511
1599
2920
6477
6920
484
4646
665
3762
5168
2431
414
267
236
875
5083
415
2746
4093
757
2173
3260
6375
156
3023
2955
1396
3155
5262
921
3522
4353
4901
4993
3193
4867
3316
983
1899
1343
4307
4731
708
6258
421
6171
6906
2137
4059
1848
3264
1237
767
3752
862
6450
3700
3731
763
5435
4114
3498
5009
5349
3330
4949
6191
1548
6547
5728
5940
4990
664
3963
6597
1125
1303
6629
4390
1444
5533
3649
571
79
4640
3011
5536
6492
544
1924
3918
3985
2077
1190
5779
196
5363
4541
5694
3608
6670
4983
6088
3881
5297
2090
5253
321
2810
3494
3584
138
3194
5085
285
1172
5501
4377
6324
6655
3533
4283
1452
1427
705
1362
6458
5342
658
2261
4332
3107
4153
4746
3269
83
5664
6807
2021
192
2843
2402
3074
77
1756
4446
5159
4376
6816
2829
6320
3642
4729
2218
1767
2092
1158
5788
6280
990
3109
6386
1876
4560
6368
566
1789
5616
3585
1324
673
40
4521
4698
1571
1201
6098
4157
405
2968
5999
6246
4364
3309
9
91
5856
4749
3890
1772
1019
4016
2610
2632
5716
5346
1411
5125
4966
5895
2599
6747
6216
3757
3407
1055
1360
5328
3314
290
3871
5074
6561
6972
3129
958
5331
5509
1262
5669
1752
1502
2079
5578
2651
6979
5250
5979
4734
3777
4878
4286
6172
5391
3394
5354
4753
6005
3901
1139
5791
6667
2579
1486
3597
7004
2283
5329
3986
2168
6267
5545
6146
2014
6871
218
3989
3514
3044
2522
3571
1225
1757
874
1378
5622
780
4932
4018
2288
2129
2491
4510
4833
4799
1374
3174
6148
355
950
1902
532
3851
3583
815
327
1778
3013
6357
5534
4986
648
3854
631
6308
790
1315
6335
6525
2362
1064
839
1455
1773
1299
2833
4388
1115
3104
1816
6059
4835
5655
1222
3295
1202
13
6268
3664
6541
1006
555
6131
19
2904
5464
5517
5985
3650
5296
1409
6298
