2784
4613
1587
1166
2389
2219
31
3776
2044
3679
3715
1600
2507
1882
1376
3661
2888
3671
1263
882
2273
4068
4816
389
5137
3009
3072
4878
1486
2601
1034
5651
3655
5179
4026
5584
3208
2164
578
5376
3409
48
1824
4915
1631
3266
2362
2826
1828
3991
4180
4609
4606
387
2465
365
4602
2248
3874
979
694
1007
3791
3774
1213
4778
2961
3800
144
2755
4930
2026
5459
3485
5374
1192
1952
1958
388
1402
2821
4340
4057
913
2082
2644
2027
3941
247
2436
4994
1879
1220
5010
4618
1488
3770
2837
3121
3623
4252
864
4920
1040
4373
140
2323
5483
2322
616
704
2645
4014
4723
1083
1905
5524
358
553
3523
2245
390
470
3336
1592
4051
316
3139
4395
1649
2361
4767
5599
1567
4562
4524
3589
4708
2180
5529
5605
1704
4218
2810
1395
2333
4779
4206
2828
4196
2861
3856
2791
3883
1505
4408
2579
3136
4624
957
2742
5166
2474
3530
2514
3490
4523
5424
1507
737
5661
3159
5011
1295
4993
2745
5089
1714
1214
2655
4547
4162
3863
523
1606
4328
4917
581
5610
196
2182
3180
4405
261
4479
3373
3393
5068
3155
1660
4294
3425
1928
954
3915
4035
2515
2873
4536
266
4678
4399
3723
362
3153
516
1107
1307
1997
3958
288
4587
5653
5419
219
2388
258
5414
1583
2177
749
3937
1503
4844
5543
3088
5388
3044
5371
1341
3026
674
4226
641
3830
2031
670
4636
563
1675
3928
3838
2652
665
1430
4885
3742
3804
442
953
1054
2227
4076
3939
1913
1156
1907
4019
4106
2452
3298
1839
3725
4390
2819
3235
4480
3455
4361
697
3837
984
3633
4546
73
2401
2280
4032
3773
819
1703
2275
3056
1998
844
3643
474
4651
3005
5070
515
4578
4274
826
3912
212
1316
413
4541
1416
621
5086
2228
4469
330
128
675
3690
3962
2978
1737
4611
49
1125
5518
5125
2689
3651
1219
617
5083
1529
3656
5496
4519
2551
5554
1518
5526
3834
1573
1235
4113
5320
938
2554
4158
3676
2664
4893
3495
4798
4999
4632
5087
926
2963
1655
3186
1786
4111
372
241
743
1894
4055
4172
498
1444
4364
1884
482
5608
2947
1140
1237
3870
2912
3600
1309
696
4224
5438
4849
1332
757
1705
4
3652
4972
2417
1032
2265
4030
3228
254
4476
4265
4122
1699
3174
2827
3758
198
4324
3566
1603
3224
2693
3043
460
4075
2934
1925
3461
4914
4973
610
4824
4089
554
5343
1420
4928
2744
4549
3114
5211
4459
4359
1569
4343
2733
1359
1843
3966
4658
3729
2351
3071
5027
145
5650
2329
5103
5655
4382
5381
4494
2720
5358
4784
1363
5423
1948
2523
113
4513
3907
1445
21
1024
2960
769
5335
1029
5248
2020
4020
1368
5161
1301
1387
5203
2439
2629
23
2649
3825
292
3406
5645
874
2410
4803
5659
1384
3095
4712
4262
3699
966
4013
3960
4666
5035
5120
2458
2469
3669
160
1459
4499
5230
5255
2277
1808
2112
5639
4127
677
3527
1620
1766
2985
4220
1599
5093
2707
3558
2467
3532
2497
3187
1042
2428
1816
1869
4125
4630
3330
1751
3889
1999
497
4762
1826
5196
5003
2749
5140
710
4187
902
5033
1274
5190
4130
5091
3258
804
2751
315
3079
2118
3572
5229
5267
3189
207
2872
2680
5641
1830
1193
3764
5096
2582
5038
4648
3893
4434
4207
592
5611
2524
4146
2874
348
4750
3324
896
2046
3415
4660
5506
102
729
3756
3805
1594
4821
614
2314
1224
1223
713
1211
3385
1510
4504
44
507
4872
5634
4641
755
153
1552
1474
2033
60
4615
3685
2341
478
1419
3909
272
4988
439
5569
3820
939
1987
5253
3680
2198
2811
1268
2660
3361
2973
5556
3248
5021
4702
3453
1281
3077
3498
788
3817
1206
1575
1700
4114
4228
1624
1730
929
5129
4050
2381
4261
5668
3402
2619
3553
5622
4837
5411
1986
2805
4486
1903
1249
5509
26
1765
1996
613
3013
1207
4455
1689
1344
2142
2511
3061
246
3585
4355
2150
213
4710
3916
1902
3741
4056
4739
4084
5262
2673
781
4698
4116
4404
4096
1091
211
4686
2623
4726
2156
4807
4306
5544
886
1767
3860
1912
2698
4367
4617
3843
2856
103
4759
3346
878
3302
3956
533
5372
4787
5533
2217
2062
3992
3042
453
4822
2647
1981
870
647
1267
770
4912
1868
5425
4487
3377
4221
4281
5344
4780
730
4797
1909
1022
1768
1470
5347
1654
1134
99
734
4458
377
4922
5210
399
1840
2541
569
2455
4942
3039
4092
873
5349
5261
5252
3665
2517
4060
3129
5447
2908
335
2753
3672
4201
5257
3152
1588
2233
1845
17
3864
2489
1656
3316
2419
189
4304
2423
5218
4475
5051
4709
1709
3374
4182
2972
25
2256
768
968
4953
2802
1597
4976
5595
3271
2621
1562
5188
5111
155
4857
1401
2302
5284
2935
3394
599
1668
3080
948
935
2471
3016
3556
1448
256
1855
4276
5510
4901
2250
3833
268
3526
5175
2987
5045
238
4574
4410
408
2764
2799
2316
484
672
3507
239
192
4016
2627
2701
4842
1545
222
5636
3555
1799
3015
2045
891
3172
1129
2258
1016
3487
3083
4493
3518
4564
1685
4927
1228
501
2593
2631
522
398
5377
5061
4862
4126
3877
5043
2598
89
104
2818
3366
3160
1553
4790
887
4034
2504
3339
3617
4892
5100
1044
5451
2648
3215
2170
2703
3839
4004
1604
4468
3892
850
338
602
1608
4437
682
2824
2429
2135
4433
2758
1645
1750
4542
2844
5305
5588
785
5546
1609
403
5197
3910
2547
1650
1489
5519
5587
654
1756
3221
4736
1111
5288
3396
2622
2194
5095
1143
2053
4038
2147
1770
1050
3291
2823
4537
83
2063
5154
5515
1255
3060
5386
3276
2697
1827
5667
3134
4024
2646
797
3768
4946
2545
1994
452
4569
3664
3240
4300
4351
4240
1227
2501
5015
2988
5395
197
4573
930
4297
4918
4325
3859
1336
176
3957
4379
5469
4986
2454
79
1834
4783
4012
4681
2953
2241
754
5071
5225
4356
3199
3292
5054
3550
4555
4721
774
1918
1398
4738
1543
1028
4474
2196
2722
5143
4254
2479
5286
3108
2279
2296
3133
4521
5355
4966
4121
2475
4422
1950
1305
1487
2481
3914
3257
2585
847
3370
1233
2867
4933
5326
3590
1564
2144
5456
1923
808
885
2670
1663
150
2249
27
5346
1626
1932
3457
4697
5300
1014
720
2966
4219
457
1919
1910
1736
663
5489
5658
4607
1455
4531
4773
2525
420
1878
169
1112
18
4138
5146
4925
5530
5020
525
3945
4149
4441
1009
1993
5126
4672
2911
5479
22
1256
633
3793
2736
2924
2600
2795
14
1356
1818
438
5301
2868
5367
3765
3775
138
4508
793
605
3720
1852
2614
4751
3245
4250
4507
2430
120
1662
1278
5053
2441
640
4858
3521
2305
871
1425
1989
2653
3046
950
2970
1329
5427
1561
4192
587
1396
1921
4865
548
2674
3760
3147
1454
3267
3444
3677
2431
5239
4588
5630
75
4926
936
4277
2290
1819
1892
3922
2854
1064
521
1653
1313
4880
2158
294
5409
2254
3182
3802
3204
2493
393
2459
3325
1741
4365
1122
2403
4662
1102
3099
892
4975
3031
1119
4693
987
4992
1012
3906
1090
1554
4234
3249
1985
846
4888
3140
339
2518
250
4748
5555
344
2878
1216
2992
3205
2375
3577
3709
69
2760
4882
3911
218
114
5488
4765
893
1984
5078
4312
4145
1283
5357
1394
2160
4350
3284
5537
259
2767
5467
1513
3166
1072
5402
1666
5612
3971
2538
1634
4811
4058
4512
2073
5080
2106
4406
5617
4818
3890
2857
4579
3905
4372
1234
1116
3299
4788
1633
4905
2209
2137
1287
1500
2047
3372
2817
1915
5215
4431
4776
5024
3181
4415
590
3197
551
3551
1491
159
1614
1252
2794
2662
4331
5222
4565
4515
1265
3812
2025
3309
933
944
4812
1108
5548
235
3313
4786
4938
3522
381
1732
1888
927
4629
2192
2385
3386
4701
2057
3149
337
411
3647
2292
657
1339
4098
4929
3275
963
5350
739
5105
5571
432
3231
1257
4427
513
2418
2910
5079
5160
921
3006
1380
4696
3757
3343
2865
5592
1781
1013
434
3511
4095
3263
2542
6
4599
1897
5657
1423
5189
3105
1548
3871
3289
3902
2313
323
5430
1481
1082
2117
297
5474
880
1856
4775
5586
3158
3226
1485
2657
859
593
5577
4483
4971
1181
591
1221
2238
1180
3594
845
821
2372
4890
3451
423
2665
2929
508
4828
4358
1551
3310
1965
4061
1937
5565
650
931
2089
510
4683
3524
942
1110
4292
3832
2563
123
4473
1067
858
911
4496
4161
5640
2056
5511
1347
4267
97
4827
5428
3492
2199
4598
366
2766
299
4991
3333
2891
4989
4509
5600
542
274
2483
1693
4070
3270
920
2210
1328
506
4703
327
4725
5263
72
407
5315
2107
2732
232
862
5354
296
1477
3369
5503
135
3433
3465
2933
1697
3464
4319
4810
4048
900
5238
3781
2597
431
574
3443
1763
5221
4047
4753
495
1916
4191
775
2312
4876
4288
2580
152
3675
4041
2422
4937
5472
4871
566
5550
667
203
1388
2543
317
955
3621
3178
2264
4661
806
1963
5490
3868
1092
13
3021
1008
289
567
359
4345
2626
3471
2204
2470
2081
3761
2332
2539
2533
311
3252
347
2236
937
861
1397
662
4044
2763
179
3335
839
531
550
2139
4245
2131
2448
529
3269
5259
3899
3320
5181
3092
2008
4290
664
1201
3674
290
1864
5016
3639
2887
4691
306
1010
5007
1469
471
5254
4043
4326
2224
607
3169
5353
2311
2635
5316
2484
2437
3593
5314
3531
5002
765
4489
977
4516
1820
2904
1318
2252
3118
5304
1774
1798
3561
3028
191
5578
2083
2070
5116
2090
2636
901
3468
1456
2463
1187
147
304
922
131
2169
5244
823
3613
3112
3430
4375
3206
5415
3422
2536
255
2457
3564
382
329
949
895
1702
537
3867
4741
3244
1099
5072
1844
1055
5413
726
3692
428
3900
5269
4846
5278
1373
2642
2145
5351
4719
5153
1616
812
986
1282
2836
2478
4389
5322
2990
562
3144
620
1720
982
2683
1865
2980
2476
881
4597
2308
5379
740
400
375
4308
5258
2356
1779
1499
1812
766
3606
1182
1436
2466
307
3710
2136
149
668
1124
2738
1018
3404
4656
2074
3349
792
1576
3847
1321
651
822
369
4402
4864
1086
4190
4903
879
2234
3862
2399
517
3387
3724
787
4386
5654
1679
1103
2319
39
652
5516
4612
3965
5494
4087
4688
3306
3940
2346
1726
2798
3131
1684
2374
3337
4589
1004
5399
2604
1531
2895
3658
208
5562
5152
2472
441
3162
1938
320
1837
3788
3503
5302
717
2599
4285
1323
1296
2898
3086
1379
2726
5067
1640
3390
2317
3702
2663
2945
4337
1887
2807
4830
1524
395
5042
5268
466
2124
1199
137
1842
2222
5245
536
5313
4249
884
1794
4694
4855
2588
642
1291
3019
2239
4590
2214
4366
3972
2034
4560
4682
503
5235
2756
5299
3743
2009
2718
991
1924
4416
1534
1635
5407
3547
2259
4193
37
38
648
2959
1147
4457
1972
2266
3822
2086
4923
5345
5389
1713
28
3799
685
1570
2625
3686
5359
2594
4809
163
5443
967
1556
4924
790
3141
1045
445
1089
4403
4969
2513
2226
4150
1451
1494
2172
1501
3256
940
4506
2864
4757
980
1858
5665
2393
2605
1691
2862
3423
1245
3803
1210
276
4592
3449
4094
5576
1979
5312
4685
134
5435
989
1949
2108
2426
4638
80
92
1175
5338
1441
1375
1264
4715
426
1605
409
4278
2559
3066
5405
5019
1696
5603
4761
2460
3595
4713
1139
5292
777
577
1457
376
4420
3222
2084
4346
564
5514
2682
5145
5552
3281
2325
4256
5614
3096
5156
5241
56
2334
4514
1686
322
712
5480
3814
4251
2017
1940
1027
111
4997
5373
4298
2216
3500
2038
2981
1462
1672
4567
596
1074
5440
4152
2378
1538
5237
3436
2382
1056
4998
1497
380
3347
3515
4289
2750
5462
3571
4341
2915
1314
223
4934
3338
2114
3435
5331
2015
3717
2396
1326
3973
4593
2184
1390
2852
3996
1172
121
3955
3602
1113
1953
4781
1787
5321
1555
2925
4065
2048
1951
4887
5184
597
4444
3562
86
5330
5148
3930
107
2304
2231
3481
2299
2609
3426
1615
1057
735
3094
3239
5298
2373
3772
225
4774
1019
3925
490
4491
1105
4505
3852
4805
1449
200
4900
1636
4025
3548
2831
2876
3036
829
5455
1406
4665
2357
5004
1483
132
2949
1335
3392
3575
3716
5032
3977
4718
2754
4184
2120
680
3961
1280
2365
429
3405
2162
888
4485
2272
5048
4945
1678
3034
1097
4090
4705
318
2211
3355
242
4568
1526
2366
3184
3424
5092
724
1783
2575
3164
3467
4801
1290
5574
4734
798
557
3003
5149
2215
2415
1465
2775
5572
2996
5590
619
1758
5426
70
4387
331
2830
5540
4167
1241
2287
3632
655
3619
2677
5523
3612
1015
961
2731
1095
2281
2870
4511
5356
4088
958
3497
326
3354
4551
3987
3317
3308
1525
1817
1431
2434
3584
1480
1304
5364
2324
51
3718
2364
19
1673
1466
4432
378
4129
867
2244
282
1867
3253
3241
1450
4732
2687
4159
1324
3840
2944
4580
1349
745
3376
3188
2229
5583
3596
4246
3642
154
5076
3119
3454
3183
4492
2154
2183
4086
2939
2018
4169
4870
5416
3179
4287
3380
524
3824
2643
872
3698
5596
2293
122
2126
2950
385
965
2485
4357
3132
5256
2715
3124
4654
5517
5433
5613
346
2896
2201
4770
3740
2922
2138
570
568
2221
1429
3191
2190
3735
623
538
1229
483
2900
5607
2797
4275
243
1790
1502
3995
4217
2326
3681
4794
1333
166
1769
1030
5317
4453
4820
1749
1337
1665
3227
1060
2587
4460
661
424
42
4248
3627
4763
2903
2344
1814
2206
3460
2307
2661
4699
559
4333
572
3981
4307
2875
1964
4881
3398
2803
1755
4208
3876
1154
1358
3440
5066
5191
3640
5204
1381
952
414
1516
2624
5077
2851
3637
3277
3786
2734
3501
3908
3334
2553
4981
5551
3032
943
2320
1833
3439
2412
4548
3737
4904
216
177
2298
2019
3708
3620
3085
1250
2148
310
2151
584
3116
1133
1195
98
4244
3779
4264
4478
1772
4117
5573
227
5041
916
910
3045
5274
1200
4303
4236
3193
386
718
1184
5450
228
3744
4272
5009
233
4544
5618
5162
3798
63
5134
600
4001
3272
1859
1238
5632
5652
4594
1000
1392
2473
130
5460
5136
4115
1385
4003
1159
3705
180
5446
1805
4099
5463
1778
3035
2611
3345
3913
3104
1936
4183
2411
658
4195
4572
5127
2889
1889
3989
5473
4477
3636
1232
3517
3233
611
5638
784
1492
3217
4211
4908
3020
2530
2956
2528
85
5520
5232
5532
1251
3445
2168
4944
3359
354
4135
341
374
3456
1623
4449
4867
3491
3748
1378
1511
4083
5581
209
15
4957
88
4635
1962
305
2336
3813
415
5107
4874
2833
1144
5063
1785
5336
2069
3954
2590
5165
582
742
1760
333
5075
1495
4943
5486
188
3984
215
2586
2882
2692
1366
417
5461
264
5579
2127
1275
1001
1417
4529
2613
5201
1160
1586
1439
1171
2487
5168
3304
4097
4853
4452
1472
3926
2620
3399
2975
1409
3844
5368
5431
3730
465
4046
1681
3917
624
588
2024
5085
1101
2800
4009
2130
2757
5422
583
3850
4151
1120
5234
2926
1841
3432
5005
1637
283
2877
4018
5250
2562
683
5643
4464
1509
173
1753
3352
4796
1204
1512
5303
5138
4518
174
397
1743
2146
2289
2937
1037
2565
1580
1863
3935
3048
3054
1848
2741
3412
4258
4737
4819
2379
3626
379
4673
4066
2297
175
1734
2041
786
622
458
2065
3854
4461
3403
1942
4771
1629
1163
5064
3363
5141
820
2243
1170
437
4995
2208
3203
2942
2995
4273
782
1899
2110
3389
547
5412
2271
3388
4349
586
3122
5646
3126
2355
2679
3826
1929
519
1130
1351
1389
3706
1155
4271
4008
5362
3759
4823
1467
2841
1536
969
625
3504
4948
1025
2809
5217
2808
1038
3463
4173
5133
4677
877
3609
5421
4921
1715
1482
1835
4785
689
2592
4425
456
4782
2850
4687
8
1973
3484
3634
816
269
5471
1212
5561
1478
2684
3638
3510
534
2490
504
5
353
4707
2442
4517
2402
5206
1935
4538
1205
1258
5328
5601
838
5183
3123
2101
1773
747
1428
2028
500
825
3238
4383
2328
5365
2189
454
2262
5466
5475
1270
2205
744
5144
5178
2255
2300
1355
5620
1023
3918
5223
2186
2223
3653
4663
3098
187
999
3546
2991
2445
4401
3704
1338
5441
854
690
4447
4596
1977
2174
3008
1131
127
4875
832
4535
4344
3434
1178
1286
993
172
3062
5485
2783
82
4080
4861
1621
2167
2778
4077
1188
1537
2532
5390
2386
5625
148
1222
2165
319
2301
1035
3711
794
1729
3219
3225
805
3649
4833
236
2694
5081
649
4962
2350
373
2067
3969
3081
1544
1062
1688
1980
3541
4735
3137
4653
1297
1031
100
3790
3785
2218
1084
2705
214
2016
4414
4764
1540
473
1683
45
4313
758
1408
4498
1960
2433
7
4430
1803
5176
3583
556
1158
1246
799
4210
3529
4832
1521
4105
1716
4179
5285
485
535
4309
1374
2675
201
883
4869
2509
4336
5528
46
1904
4230
3301
1659
16
1114
4756
364
20
2309
2166
1202
4955
5119
5084
2521
1279
4950
595
681
3559
2893
2427
628
555
4631
2173
5012
5449
1468
2940
1169
580
3416
183
2790
3480
1400
2569
4899
2055
4412
4027
1239
1568
2938
2676
4081
1052
4168
626
2702
4502
4462
4777
1792
2855
3726
2360
5559
5172
3237
1789
1558
5219
4627
2546
3611
3025
2494
5177
1800
2573
4557
810
1866
1610
202
5340
5594
1591
975
4852
3329
5633
4454
4645
4831
1577
2746
481
3242
4586
4198
4102
3150
3011
2520
4623
3332
1968
612
2534
3410
5660
3356
3151
499
3694
3058
1049
81
3029
462
2616
4136
1922
5249
1900
5277
1754
3933
2667
2815
4760
2387
2788
505
2397
5339
5666
3018
204
1527
4239
659
2392
5568
391
4036
2712
2155
3763
1898
280
634
714
5294
451
2832
1854
2143
3880
2999
5623
2499
4164
2906
3365
1136
3384
3113
1585
4967
2739
998
4216
1970
3807
3397
1762
1813
1317
1532
1021
3063
2200
384
4148
691
1003
4329
4104
5453
3041
4052
5332
853
4749
5400
5420
699
4347
903
2615
1391
1076
2188
4339
1506
762
67
496
340
1106
1560
2113
3948
2285
4689
2931
3279
5193
262
2377
463
4141
632
4652
3216
139
576
4640
3428
4200
2752
4231
2079
2902
3311
1677
2955
3148
2171
5227
1581
3810
2917
1908
4385
421
4910
4916
3328
706
4392
1988
2330
1334
4960
4194
3944
666
3952
3693
1132
4806
4072
1176
5498
5536
1519
1432
5535
4843
447
3260
827
2283
5247
350
279
2368
5513
3881
708
2358
3536
2886
1954
3499
5031
4802
1724
1896
4939
1757
193
2039
5307
2446
4448
3210
778
2232
3771
5260
1742
2102
5082
3821
2006
5266
3371
146
3731
1748
543
2051
5478
2343
248
1471
1542
3358
2004
1294
5318
1354
2072
4520
686
4323
912
780
3787
253
4472
2203
1475
3067
3607
1367
286
4134
2839
4243
1598
1630
2686
4970
448
1657
698
4166
4985
2578
4727
818
2338
3312
4804
2866
3898
427
185
157
3401
814
646
3090
3145
3283
2552
3357
4894
3070
4381
186
1422
2491
2564
736
1777
4005
3586
4241
405
5097
167
3598
2812
257
2932
1415
2237
3379
1627
3998
1331
4659
4585
487
889
2618
4322
2901
4951
3350
4423
3983
4646
1289
2295
5013
4042
125
224
3722
876
4360
4968
5246
3438
2695
3236
732
2500
1447
4637
3207
2100
3168
4980
4186
3375
3897
1047
2688
5293
3055
3982
2348
4253
2193
2318
5505
3057
5180
4384
87
2363
4965
5470
1066
494
2050
2023
5209
3100
5216
3107
1362
1179
5619
4170
178
530
3353
5624
1941
2958
1411
3198
2496
3069
4961
725
3089
126
4840
383
221
3341
1644
2765
3703
1740
5493
3946
2235
702
4157
4398
1157
472
2952
36
4428
2984
1087
1857
3823
2261
803
5291
1412
5167
2395
994
5323
1424
1151
3604
5602
1990
3213
220
4808
1628
2879
1
2103
3540
1128
5282
585
1784
1674
2583
3858
3431
1426
1612
1764
1607
1266
1796
5273
700
2820
4540
4675
2804
3818
813
2367
3246
3
676
539
3700
1849
332
418
2001
4160
2105
2421
76
1885
1893
3362
4490
4133
2480
2468
3592
828
5029
1260
4982
5122
2398
3486
2918
2567
1871
860
3458
4792
4188
3059
1528
5017
636
3849
4110
1955
4974
894
5159
5567
3068
1802
4746
3101
430
91
2078
608
2894
721
1196
4525
5329
4140
2634
2759
4731
3106
422
1080
1886
5060
2220
1303
4742
5392
3115
3053
4270
760
4959
3578
945
5114
129
5557
2061
2512
2914
1920
2711
2225
5198
4029
4895
2561
3232
2116
479
3625
446
3980
5626
3243
4293
5094
3469
3201
2884
1731
509
5319
4834
2230
3368
849
4556
1947
2668
750
512
2408
4215
5128
3214
1695
3809
367
1277
2762
3884
5228
156
2197
32
1149
2040
3794
1983
3202
1081
436
589
800
5558
3268
55
2276
1687
4338
170
3340
2257
4649
1293
4561
252
1121
2456
74
5207
2284
5224
4655
5342
1046
2477
3052
1033
1739
1738
5406
1343
5575
3142
4503
461
5185
4284
3782
3767
4400
4795
3505
4142
1345
4614
3610
833
2134
3251
2007
1711
3477
4174
1971
5110
4500
5429
3190
4071
3247
1427
199
4601
1846
558
2962
3733
2713
2994
917
33
5195
2506
923
4897
2064
117
4829
1070
4204
5458
5112
3278
231
898
3811
1744
2141
1815
1547
2881
3875
1230
3688
4445
1661
2710
1414
3400
627
2834
5465
3950
4947
2544
2152
1625
2869
3192
1745
4440
4963
5609
278
271
4863
5444
1853
3533
2270
5000
2681
5439
3736
2371
2568
4481
2727
4040
3739
2700
5522
2969
4396
3751
3806
3538
2699
2998
2771
1473
4664
5563
2294
5553
3827
5057
5008
1020
3646
981
106
2157
2400
2993
575
3762
1315
915
1514
1240
1135
1791
1810
4443
234
5202
1253
1177
5310
2638
2843
12
1190
3364
951
1995
842
1593
959
2558
976
3579
830
1582
3886
3750
4205
4369
2353
2566
3250
2860
5538
4131
2331
4143
4716
5647
1208
4118
1209
2132
2187
3882
5062
2840
5434
58
928
1522
4232
2416
267
4605
3450
905
4772
4600
1959
3697
4255
1549
1393
1508
2340
1712
4958
1061
1832
4229
5531
4906
1652
4952
1807
2968
3591
3194
2941
4062
653
638
815
2853
287
1875
579
3171
3209
2242
4674
3846
4320
594
1096
3545
5464
3691
3520
3938
4859
4766
368
3567
68
2133
4378
751
1093
2789
4724
2042
2721
3784
475
4199
1152
4022
2848
5363
5174
5525
848
5570
2761
2462
3493
2335
4851
2268
2943
1443
1244
2054
4747
2737
5401
4836
1917
3175
3472
5214
2159
4791
2212
260
5102
1851
4069
328
3783
5271
1242
875
3986
1254
4139
3419
3714
3024
4321
4128
2068
3000
3176
5047
5382
856
629
1838
370
1298
2555
985
3280
5006
715
5297
1493
4352
4850
3037
4733
2782
5039
4033
3051
1452
5171
2327
1377
300
5275
309
2930
2671
3920
4225
2440
3305
3120
2000
3049
4847
701
4451
143
5566
4109
2390
440
2630
3931
835
5348
2822
4407
5370
3135
5380
5534
2407
298
3288
4353
2482
693
1085
4074
1780
3964
843
2175
1975
4282
5500
4728
2729
1215
4528
5628
1365
5121
3470
3929
4342
3663
5621
141
4839
973
1982
2957
3728
3666
1308
2946
3895
5046
2570
2495
489
4990
824
3721
1079
2772
5580
1463
2983
1590
606
947
4706
761
2060
4212
779
4826
4581
4571
5001
1676
4421
2202
2247
1434
4902
695
2849
9
3921
1776
2709
464
2032
2251
3951
2181
3074
869
5487
2003
1584
3084
4526
2637
5337
1698
801
5287
983
394
5664
5410
3678
3644
1571
4884
3525
4466
4197
2444
796
3563
705
1589
1117
817
5593
3285
2080
93
4936
2522
4530
5502
2572
1563
4163
4002
4835
4825
3738
4671
2838
4570
2464
2617
919
1464
3970
946
573
660
3447
4949
2098
396
5055
2556
2916
3030
3819
4103
541
603
2125
2036
4657
4371
2825
291
5383
3635
302
604
334
5049
3127
2109
1930
3479
1348
1271
4700
1991
5396
1601
4426
635
1523
2685
2342
5226
1976
101
4628
3582
2093
836
34
738
520
4644
3482
2161
5243
4100
3103
1793
3560
5069
3993
3254
5022
5295
4144
741
3766
4257
1735
5448
2606
1708
1651
1051
1479
158
1148
4932
5026
5481
4813
5281
549
4814
4622
2149
2058
752
4411
5542
1535
444
3007
1850
1579
263
1435
4031
2085
3904
545
4793
3841
3496
565
3554
2845
1382
3576
671
52
3641
2420
3047
2769
4363
2414
4604
1690
1860
5131
2595
4456
5205
90
3512
4582
2394
5384
5023
3167
1039
4279
3314
518
2121
71
1992
4176
3513
5028
1727
932
1011
2122
459
5164
2977
4178
1946
3660
1804
3230
284
1053
5366
5589
2529
4877
1945
3004
5663
321
5139
2781
2071
3286
2123
1539
3587
4984
2608
5436
3161
4868
3801
728
488
2424
5044
4854
4744
1880
1718
249
1530
4332
2406
5220
3220
4189
5437
5186
1646
4295
1006
1701
3885
2610
4695
2310
1578
325
5151
4838
4082
996
356
4608
5539
5492
4482
3177
1073
3452
2658
4931
3429
5231
711
3342
2666
1433
4873
1520
1874
2581
3687
164
2883
5468
161
3483
4049
2347
2730
2706
3017
5564
343
1572
5265
904
3648
1065
4202
3769
3097
2195
5408
4745
4213
3128
245
4177
1153
5240
1421
3348
5073
527
4394
1322
4619
1126
2776
1226
4305
716
5124
1515
3696
3628
5059
3073
3078
3528
2678
2092
5074
4634
1823
3318
4907
1078
3668
3732
4334
4650
5369
4552
3967
5615
357
2443
312
962
1862
909
2461
2449
1761
449
1168
5169
273
1311
3976
2282
115
4054
2339
3442
2076
3808
2451
4370
5591
1671
5631
2936
2997
3615
2548
105
4577
1442
2557
136
1667
2920
3848
5662
3979
3608
3093
5182
4028
2537
3327
3673
3943
3618
4983
3934
2905
3624
1809
1797
4704
1717
2632
2603
1247
2785
205
2450
3075
3494
1974
2278
3682
4964
1405
4633
2607
1602
3603
3754
4679
2954
1360
1458
3857
1071
5585
3195
2091
2591
2885
2964
5187
3557
3076
1895
4063
3001
3300
3855
3296
2486
2913
1058
404
1248
3630
1197
1795
2584
5482
3919
669
3597
1320
4165
5629
2286
1546
3488
3012
3565
3010
1150
1775
11
2535
116
492
2814
1403
3845
4898
3997
265
5547
4497
1911
3322
2641
4091
195
2453
3516
1861
4743
2505
406
1350
1353
3255
1647
363
598
1173
4175
3896
4233
2899
5117
2927
3265
486
1077
3727
3990
230
3154
5375
194
733
1165
3816
2806
5279
4227
4717
2383
1613
4669
4554
4527
2059
4438
2405
4263
3869
1870
3033
5157
1189
4752
1557
5452
2
4603
4132
2801
2376
3539
4154
4093
2179
5361
30
890
684
5504
5497
2246
3229
2633
3223
1194
3755
601
206
2858
2907
1198
1574
1088
4316
3130
5545
5104
2384
3427
3466
1669
2921
64
3082
5403
5521
229
3022
3851
5290
1914
2087
1407
2716
3446
1346
4101
2976
3828
4156
1927
3261
4532
5495
4550
5115
5147
2871
3927
1565
3185
3924
1109
609
1617
491
2213
5417
4301
3903
5597
4417
4626
3294
5308
3887
401
2526
2669
3835
645
5270
4978
1752
1218
3670
4996
142
1262
4268
4435
868
1957
1825
3796
4413
2576
3331
5642
1680
4740
2488
561
3999
480
748
109
3163
1438
1934
852
5276
184
4610
4362
1801
502
4841
313
2321
3315
4073
4393
899
1638
5058
301
1017
1822
3580
5065
776
2786
1746
2796
4471
1829
3749
5236
546
5507
5360
94
4171
5212
560
425
719
3667
1306
2315
2128
1966
1632
1185
1806
1041
3581
2780
3792
50
3411
1956
1733
1399
1068
4941
1453
3975
4591
1098
3542
3351
834
4543
493
772
3684
4007
3747
5200
1877
2747
4711
656
637
5598
3287
1069
3474
3994
4856
1541
2743
3713
2724
1371
771
544
4286
5056
2602
3421
450
3212
1292
355
3707
2014
4424
2690
237
3865
53
1618
764
687
763
3701
1236
3156
4883
2779
639
4376
2550
618
2847
2288
2369
1460
3963
251
2967
65
96
4391
1944
4754
308
811
3038
2447
5101
4374
314
1461
3218
2672
1978
4755
5106
1043
4729
2589
2531
992
995
240
3959
1352
3211
807
5404
4714
2263
4155
2519
2370
402
4283
3307
1325
1386
165
5194
540
4112
3023
54
5387
3923
3573
3196
217
2267
4380
3259
4769
5604
2240
5296
5549
5325
4484
1926
990
5327
1682
2425
1961
4467
4575
3413
1372
4866
5132
3789
3872
2508
1300
4269
1075
3831
2345
925
1533
2498
2153
753
3111
3117
5352
2022
43
3383
4463
1145
791
795
964
2432
244
4522
2094
1104
5397
4397
2890
5476
2829
4311
4891
644
1063
3752
4584
433
4595
3027
1876
4053
3502
960
1137
3143
3297
1319
2502
2111
5324
2989
2002
5036
4079
3978
4247
4817
1619
2115
2077
5508
5393
2842
1906
77
151
5155
3878
4935
3475
5499
4147
133
1203
4330
5283
5334
3657
2029
5635
2951
5445
4639
3146
2066
5242
5512
2404
4789
1342
455
1550
3040
767
4442
0
1115
1728
5018
2253
4185
5606
3408
303
5192
1413
4667
5341
727
3378
723
112
1123
2096
3506
5560
1725
1100
3829
865
476
5150
3326
956
2774
324
3323
5030
1643
2011
4006
4237
3815
1404
5135
934
1162
908
5527
1285
532
62
124
3478
1484
3797
4419
4078
5109
4023
275
692
5233
1891
2659
5398
4670
2640
1759
3157
1723
4450
5113
1901
4680
4327
1094
3614
2119
3861
3170
5656
3200
783
4848
3568
5213
4758
2948
4501
416
2863
3695
3873
4181
1670
4495
857
1967
3125
2352
1269
4488
5025
1490
4465
1191
2971
3395
2549
4017
2986
3622
615
2527
2880
1340
3138
5170
3273
2129
3295
1259
4296
4223
1036
2380
2717
1498
2269
4315
4690
10
1361
410
1410
3002
360
511
4203
4235
5264
4545
352
4123
2654
2013
2928
2656
1302
84
1127
40
4768
2540
4045
3321
24
2099
4120
4317
4799
2714
988
4439
3091
2560
3417
295
978
2639
5649
703
2813
3662
5477
4879
3544
2303
226
3569
4621
4913
2516
1437
3689
1146
4266
3519
5311
435
4409
4534
1747
4616
1782
3949
371
469
1821
2012
392
5616
4259
2088
5130
1370
3836
831
970
5098
2728
5272
571
4021
2748
3901
1059
4909
168
4010
3683
841
5158
863
4011
1005
4436
3599
1831
4979
2740
972
5541
5394
1694
5208
3473
2510
2773
2577
1048
4318
5637
2337
2651
5037
4314
3719
3476
3293
2571
3382
866
2612
1648
1026
4566
3734
5491
837
2104
1611
1142
789
3654
5014
3109
419
1969
477
4940
4620
1836
3264
3712
4533
4977
924
5289
1707
1272
630
1186
110
4291
2207
514
3282
1566
2793
2719
4124
3780
345
59
2696
2274
4642
4302
3173
2492
5280
5173
1721
673
4845
5385
4692
35
2349
4911
759
3629
1943
4137
2770
3367
3947
4730
2354
855
2030
1788
2723
4153
3616
5142
1890
2043
4119
118
5333
181
1622
4919
4576
5118
4085
773
941
2859
2574
3645
3968
4987
4956
4470
1261
4684
3746
678
4563
1118
840
342
5501
802
108
1872
3165
2191
3888
4553
1595
2691
270
2359
2291
4260
1364
3866
5040
5099
78
3290
528
3509
4222
5163
182
1873
643
4015
3448
3659
3014
1299
4214
4418
5484
1722
3508
3745
3110
3050
1771
4860
2919
4583
5432
5418
1641
4539
974
1440
2923
3778
4896
2140
1933
4388
3407
5052
2628
2897
3344
2909
1243
1310
1161
3549
1504
1369
1496
3303
3420
281
4800
4368
2052
349
4559
3065
1692
1639
1225
1706
1330
2010
4107
61
4064
1288
997
4722
1164
3087
3543
4676
4354
2735
2974
4310
5442
5457
4954
631
277
2413
2176
1664
4238
1719
5309
1002
4815
5391
4377
5123
1559
3605
5050
2185
746
1138
3534
2095
5090
4000
4067
5199
1446
4625
3574
1939
679
3985
2982
731
2816
3936
3514
2787
2835
2503
3462
1141
5108
2979
5644
4510
1167
119
3891
1642
3588
3391
4720
756
467
1517
552
2438
722
468
3537
2391
1327
3102
4299
1476
2435
190
4335
171
1881
2777
3441
1357
2725
5088
3795
3932
5454
2846
3414
2708
5627
2035
351
3234
443
3360
4280
4643
361
526
5034
3319
95
2306
4039
2005
336
1596
3777
709
1217
3459
4108
3953
4037
1931
1284
29
2409
1710
4886
2792
5306
3381
3894
1811
3064
3650
4446
3853
971
906
2021
1183
3552
914
1231
2768
2650
3631
5378
4348
3601
897
293
2260
1312
3418
851
688
41
918
4889
3988
2163
2596
1174
809
3274
4242
907
2049
3942
5251
3974
66
412
3535
1276
4209
2075
1883
3842
4668
210
5582
285
3437
2965
3879
2178
3262
2037
57
4059
47
707
3753
4429
1383
4558
162
5648
2892
4647
1847
3489
2704
1273
1418
3570
1658
2097
