1403
3556
3287
2016
2088
565
2620
651
841
175
604
2512
4173
1611
2938
3421
1470
1386
2656
4396
3585
4460
4097
1564
4257
3635
3165
3466
3374
2686
90
2514
3960
1756
3408
4419
2910
2513
3350
655
678
1157
2557
1255
1257
845
1912
2405
1923
2292
2702
2046
1501
85
2692
2888
1854
4
1407
973
2714
341
2335
3715
3398
3179
3152
163
1269
704
2864
4194
3105
4363
3859
4540
4137
4427
2045
4477
3328
3379
3446
2975
4681
133
461
2972
4430
3382
4007
4643
3538
3551
4006
2222
2425
1287
2483
236
1
1559
1836
4453
2458
4487
610
3394
4513
645
2644
3973
2354
120
2707
2150
2636
666
3485
361
1843
1657
956
427
3003
3605
2383
3060
2079
385
2853
3709
884
4722
3042
2229
4434
2924
3583
1383
795
4171
3277
3247
1341
691
436
1707
23
4466
146
336
812
476
3787
4712
1819
203
1511
2063
492
943
3263
1148
408
1726
472
3253
1125
4056
365
3118
4205
324
948
3510
2733
2969
3504
2189
2332
1654
3207
10
33
4014
2029
1499
3997
4128
22
2133
1792
2748
2010
3360
330
499
2869
36
4356
1143
3129
121
2378
256
3114
917
4155
264
670
3884
1924
2363
1829
3675
2953
2934
3919
2727
1210
3722
1743
907
4714
2504
1414
1119
176
2574
3078
382
1301
3840
757
2382
1589
3196
2642
4404
2709
4532
3578
2234
3726
1178
1648
603
2376
2836
1487
4221
4622
4529
1614
1505
3192
2066
3017
346
3164
1534
2424
3416
3183
1608
3080
272
1884
1335
2308
4638
4249
304
3928
434
4062
192
3033
2379
4525
4305
2639
1658
3517
252
3240
3946
3213
4637
1057
3984
233
3712
244
3335
430
4017
1102
4592
690
561
4190
623
1108
3120
3438
619
1802
41
719
1429
2689
3073
4143
363
2891
1466
4294
4642
1170
3098
3514
301
2098
1674
3785
2092
3391
2521
2484
2962
996
4233
1849
4140
3173
2166
3145
4141
970
2977
1687
1009
4539
897
3409
4238
4166
3898
2788
4341
392
661
1090
2999
1641
1482
198
2362
1212
2663
2550
3293
2371
831
2722
4669
4524
3652
4188
1901
637
4695
1219
4405
4481
2163
4184
2448
4271
1476
4051
3366
2237
590
3693
1754
1368
3341
2208
1432
4420
2182
2033
4536
3661
2823
4055
3018
400
2694
3980
4707
3978
3171
1135
1271
4580
2431
4684
4412
4423
4410
585
2184
3679
4021
4710
2609
3677
2423
3686
3717
899
3615
3104
2320
672
2676
3731
1951
3199
3872
2944
4067
3524
4696
2215
2338
3122
2441
484
2496
612
3639
4553
4039
1340
2041
1770
1668
1334
1451
32
4186
4677
1935
1523
3649
291
1904
1390
3871
995
2527
2385
420
1201
477
4322
3945
3234
1378
677
513
667
1741
2661
711
1485
2064
355
1706
4296
618
647
1651
142
4390
2844
768
2562
2534
3985
3101
3313
1562
2361
2440
3251
2935
1166
3573
2861
4244
1497
2325
810
2814
4615
2927
1295
820
4422
2747
3855
2532
3038
2284
1720
100
697
636
3564
640
3334
2988
512
1330
2951
2028
2564
594
45
615
3641
2322
1970
3947
1266
2140
2117
3154
3836
1395
2443
1175
2170
2
2123
1728
4689
3399
641
2226
231
733
2097
343
3771
3488
1026
2267
2353
2109
1348
4364
380
1433
2196
1140
1840
3093
4285
2492
128
4343
3604
922
3653
3250
4313
3827
3348
938
1811
1071
105
2662
3046
2697
1675
4104
2979
542
210
0
4446
3077
3527
4058
3941
3062
2980
113
2883
3512
927
1322
4164
3920
3339
1099
2054
1142
2373
2732
2015
4445
1956
2502
2507
3878
3843
3470
1905
2865
1489
1781
1866
1020
3048
929
1535
276
3849
1524
911
295
2602
1791
55
1669
1887
3525
2096
2538
2831
4245
4500
4359
3228
409
3944
3808
3516
4259
337
3039
2737
356
4724
1080
1760
4330
960
3609
4646
1365
3927
1539
2296
1855
1238
1218
1502
1959
912
518
300
668
782
1149
109
82
2820
3623
740
717
1496
3200
4480
2270
2668
1441
2936
1877
2650
1296
2084
247
4177
4311
1910
418
464
2503
1419
2478
2617
4736
3370
424
3948
1382
3705
3472
852
2255
624
4095
1964
1771
2220
3883
2555
2410
583
3126
1134
3389
1250
4691
4263
699
738
333
1273
2563
3414
153
3890
2664
1704
4004
3906
1918
2217
469
1617
653
314
335
1495
3128
774
957
2169
3725
3352
4495
3654
696
99
287
421
2116
2465
4706
2039
2593
3100
3530
549
755
2878
1546
726
916
3433
3254
2246
4085
3637
2276
1450
2301
4397
591
317
156
1468
51
3534
4408
3972
2734
3463
1661
271
2110
193
2287
2153
4528
4150
986
2956
4461
448
1931
3059
1326
4092
548
80
4449
2341
2821
1000
1680
4072
465
3875
1343
745
4052
4723
1940
4031
3368
4503
2760
4264
2597
3443
3390
4094
3372
2355
2886
3821
3741
4664
4270
3533
1184
1010
2681
4334
1483
3662
3579
2892
498
2249
3332
3580
2323
934
2560
2038
1327
3255
4654
4216
1636
224
605
808
1861
4542
4034
4586
3193
1820
308
2653
4269
4182
545
8
2279
449
3232
3440
1173
769
1824
4546
2244
3721
3424
1582
4600
212
162
4511
574
2474
26
2606
4147
1828
963
3369
2809
1358
3321
3813
985
2518
4444
4139
735
2416
3876
1831
1371
4048
1615
2035
2680
4547
674
1531
2811
4306
3850
4498
2156
3632
3622
681
2739
2111
3465
404
1174
4012
1570
3139
588
4554
1384
3925
1807
2632
440
4250
1286
4208
1092
4552
2254
98
1132
296
516
1579
1329
1055
3863
2469
4326
1841
3757
4657
1100
1486
1185
2757
200
4702
3727
39
3577
880
172
3864
173
2303
3108
4023
3134
1888
3772
3695
1991
68
4650
868
3793
4606
942
4248
331
2453
4102
262
2044
16
969
828
4162
3258
1418
2428
856
3045
1800
947
3629
2467
4187
37
860
756
108
431
3278
2843
3330
873
959
1309
1259
3265
906
4256
2625
3501
3595
2649
482
838
1865
1128
2706
1873
2342
386
1715
1697
3943
3063
1022
368
1893
1639
4262
3780
2753
3684
2762
1191
3138
949
1561
2549
2525
3739
1422
1059
1690
1241
4382
1558
4127
4134
327
885
3900
1317
2310
2004
1990
3913
3916
579
728
4149
843
419
481
2090
3156
360
1746
1604
3127
771
4082
2546
268
1139
3049
3454
3149
4645
2260
3189
1750
3212
4573
2818
1046
1456
1129
2148
345
2002
1889
167
2674
1899
824
2767
744
3185
2005
3029
2622
811
2394
862
1397
2119
1263
4499
2974
926
1133
495
3865
1192
402
2401
2905
2841
2928
130
442
3929
2629
1455
1949
2408
826
3270
3764
2253
913
3110
1051
3749
1663
3303
3275
2875
1845
1434
1813
2330
830
157
998
2017
4574
444
2721
2438
1040
3377
1214
1688
2638
4579
2872
1731
3617
3790
118
644
2584
3768
2067
1144
3141
806
67
2770
3109
1025
1585
471
2304
1859
124
2129
611
3720
4639
1187
3264
4109
56
4651
1643
3188
4568
3238
2712
3447
4618
3155
3548
3732
958
468
2945
1948
2426
243
3775
2937
4493
2213
92
4024
1227
3676
2476
2031
1665
280
4002
2076
961
3977
3798
4653
3822
3681
348
2343
4018
3051
4370
3274
1984
76
4494
790
3547
134
621
4486
3601
1194
81
94
1199
1870
2912
4591
3565
267
3008
1830
2178
217
519
3411
4465
1713
3602
2968
86
713
1127
4417
736
3423
4348
3036
807
4101
3619
2941
502
358
2746
1774
372
2720
2985
79
635
1584
309
1714
2177
4131
2199
1249
1737
817
1150
3205
576
3956
3908
593
4115
2837
1847
3262
2179
1406
3591
903
1987
3995
4711
3607
3882
3976
3874
3453
965
2190
638
2389
3441
3974
3103
2660
3329
2899
2470
614
160
2990
3759
2847
4693
2599
2256
65
263
1370
997
2400
4277
3691
35
2575
4145
2784
2947
1891
1574
4441
2745
1012
3834
3197
721
1237
3119
3911
731
3736
523
4064
4384
4189
1248
3699
1693
3461
1002
2921
2417
4584
1345
329
2238
1409
3066
3575
1659
4229
2537
869
91
3910
334
829
1039
1399
3218
3814
3483
1118
4631
2057
2973
3938
785
1928
2986
2531
3096
1197
2331
1886
4213
3647
4335
652
3428
2162
4199
3870
1775
4733
3310
4414
2611
701
4105
762
4520
1740
2715
3829
119
381
3245
2449
2014
955
46
1508
536
657
3209
2350
3753
2007
3638
3986
313
1428
270
1171
692
3469
1852
4315
2854
1520
254
2135
759
881
1576
1638
968
3903
2245
2908
2948
2324
797
3651
1818
3634
1034
3915
4026
4371
4485
4254
3311
2204
2075
2628
2671
4029
3235
387
1097
4663
3004
350
842
3257
28
3877
54
3404
1955
3659
378
4246
3776
3621
1670
2618
1911
4003
4013
3187
4732
2020
2318
878
2665
4587
1408
3362
2540
3692
1075
275
4099
4122
96
772
3135
1412
4100
1850
2683
953
770
3818
3823
1484
1799
2139
4107
2406
4700
3301
2001
305
569
2155
1998
3356
1583
284
2347
2225
1624
2558
2855
1226
2300
4114
2885
24
3475
2488
2673
1235
1896
1152
102
2630
3266
2800
3975
1048
339
4201
3365
2200
1074
2647
4537
3292
2590
226
4081
3319
3097
1457
3182
4103
2835
4033
1006
2230
2741
5
2919
3971
1120
928
4350
2136
4659
1660
319
320
3226
3148
4626
4174
3633
2012
1236
1757
2561
1398
74
4557
2421
4168
2050
2812
3243
4716
3107
3180
2262
4607
1011
4517
4020
4204
4571
1809
3680
3982
289
2333
3724
1123
3009
1023
3801
4516
3894
1996
1716
137
3788
3084
2202
3230
1569
1946
4307
2294
2600
910
4125
2992
1481
1299
1860
4386
3598
1594
3809
2530
2315
4686
2022
892
1729
4160
2511
1339
3735
2380
904
3620
3158
3444
4563
432
1356
1722
1426
1765
4670
4019
3756
2693
1571
27
4439
458
2288
216
61
2214
4120
2744
2313
4619
2258
3041
3909
1602
2763
773
4604
4601
2442
1793
1001
3745
1462
818
3861
3412
4440
3567
2946
480
1280
4060
3825
2414
1314
3065
3891
1782
758
900
4351
2435
2183
1300
4680
2724
2544
592
2146
703
538
2933
1943
1337
3064
4682
1588
789
3246
4730
3526
1677
1161
4267
456
3511
3892
3561
989
2437
3743
4175
371
783
4535
1302
453
201
3432
3590
20
3758
3851
4328
3807
1961
3603
4133
4310
4647
4069
3596
144
3125
2884
3837
1880
2127
776
220
787
2372
2685
1282
3733
822
1529
3581
4472
2889
3142
4112
1848
4049
2989
3769
2286
3320
2754
1066
4314
4276
1527
1331
2403
3393
2052
2173
541
1703
4596
1375
1137
1542
2206
375
1536
4655
2675
935
383
1465
11
687
4308
6
4224
1822
4178
2717
4300
4692
3194
918
2758
460
3159
2130
3055
2623
3723
1609
1810
4426
3981
1050
754
340
680
2898
3572
1805
1623
2340
3067
117
600
111
48
3555
1525
3558
395
3297
4135
3992
2240
169
4218
397
3993
4699
1516
266
4376
1685
3737
1786
3888
4136
2842
1934
2896
3824
3867
410
2500
712
1464
2542
425
2738
2404
2759
2846
84
683
2949
1532
3012
4416
3364
2810
3543
2877
2526
3544
1780
1043
3728
2349
1857
4030
3805
129
3857
3674
4538
2171
3506
2585
3452
1015
2447
2995
1473
1762
720
2434
326
1147
718
1222
1488
230
802
1338
2750
370
1220
4614
2107
1748
2450
17
4569
2930
979
1691
3102
4044
3091
1224
2125
4385
1545
1795
3774
650
2957
665
1277
4468
1008
3689
694
4406
2491
1333
2729
630
182
3459
3614
1733
3612
439
1151
2236
1234
4146
1004
2366
2427
3643
4329
994
4323
3895
1709
4458
2317
3016
3562
3996
2679
1156
1189
1098
850
3437
3640
734
1898
2100
752
751
2828
2850
2094
290
1521
3959
3203
1083
2360
4358
4588
1053
3285
1832
654
75
3490
489
4154
3773
4241
2522
3344
3642
814
4138
2280
7
2582
586
3458
4666
1973
2895
4278
848
1367
1797
3026
1631
4273
2536
3231
1637
2917
723
4331
1239
553
2764
463
2185
3222
508
1864
2181
2085
3610
4275
3407
1446
3210
4223
1913
321
107
2805
761
4320
524
3215
3284
3214
4475
2701
3206
3031
4191
855
269
3169
4111
2103
4549
4274
1033
297
2848
4339
462
3656
242
4295
4616
4093
1914
2658
1062
491
2589
4526
1752
1941
866
3248
2018
3420
3481
1054
185
3304
4151
589
4603
3052
354
1213
3846
2497
3746
634
4387
72
332
42
1493
1415
2994
4452
1216
3933
2370
613
3241
2601
609
1350
3918
3988
4491
135
3729
4340
501
3965
2587
1676
4301
4559
3935
3648
3419
2965
4217
3448
2191
4594
1835
1275
1202
3588
3697
3719
739
351
905
4400
3655
1158
3828
3219
1969
2459
1018
3371
3123
4398
3624
1377
4113
1130
2049
2815
2392
1394
622
2298
1058
3343
2082
384
693
1303
2468
1366
2124
3267
4079
2952
3426
4059
1402
914
682
1789
2577
3520
1005
2852
494
2059
2640
2147
4367
1683
2466
1477
3994
178
2613
2278
3593
1763
3211
288
1957
3269
819
3761
3272
547
2834
4080
1103
4078
4443
2095
1003
3355
4200
3955
4454
1117
4541
1369
353
1293
1344
4298
4429
3738
4293
2566
1316
3462
2411
1885
2923
2261
1513
875
3450
2034
2003
1927
2326
3300
4289
293
1598
4016
4265
2210
3014
2751
1514
3694
4391
1215
3886
3001
908
1784
1900
393
2327
3386
867
4065
1312
3294
1114
3873
4228
1459
140
3022
2479
4098
4629
4068
3832
450
180
2704
1308
1183
2698
1353
2086
2586
1902
800
1374
1994
2477
2797
3698
4411
1410
4377
225
534
4279
544
876
2786
1785
3672
920
902
2666
984
2614
1424
311
123
1387
411
1664
2552
445
2545
3010
562
338
1138
455
825
631
1381
4621
3019
2565
2890
1261
3713
4610
3786
240
4126
2415
4222
2705
255
3912
4319
2902
206
2112
3532
2803
3767
3627
725
632
923
3673
3852
4119
1065
4118
4507
1357
1354
2143
4183
2409
1109
620
2929
2783
101
1833
2925
4431
791
3845
3636
488
3471
1332
3195
3856
1909
2328
2796
2192
3576
274
2009
1632
3608
662
924
3930
1702
277
891
4280
221
684
3952
3455
3239
1417
2154
3044
366
853
1874
4036
1321
2825
1318
664
1306
663
1978
3844
1966
3940
2570
3983
374
700
4648
3034
3117
3905
1467
3664
3166
1944
4352
3914
3484
416
2588
804
2950
59
3496
19
1500
4196
1203
3162
2248
3082
1247
1278
1967
992
2916
4674
2773
1060
496
669
1983
1738
3436
658
1077
3887
1021
1871
2887
1244
2657
2058
2817
1438
3934
4474
4450
4066
1360
1079
3970
1190
1981
898
673
1922
3273
1999
2913
4497
1209
1808
228
3249
3146
3224
2983
2573
2209
4630
4583
4167
3340
2321
1355
2637
2708
9
1947
376
3418
2631
3670
1872
4372
4353
3889
3233
4073
2833
2845
2388
3353
2871
839
3762
606
3113
4432
2356
1903
1061
285
1992
3958
1708
2654
4575
4471
3
3991
1515
1291
3531
3966
4636
4075
601
426
2418
3288
3668
2578
478
4237
2775
1027
526
1396
3221
837
760
4633
2482
3794
4605
2716
3397
1953
475
3819
3153
396
2568
2954
2592
1744
2794
1519
1260
4360
1121
3388
2174
3502
127
1086
1673
689
3095
3150
3682
1814
3302
2486
2393
945
4609
1504
2312
2407
4070
466
4292
3740
550
347
1761
147
2771
1640
4219
2939
4635
3802
412
1469
2616
1179
2445
4473
3415
4158
116
3007
4708
732
2749
2543
4132
4240
4515
70
4361
71
3259
4578
1908
2265
2068
4555
3574
3043
4234
2901
2499
1349
1067
2384
467
2839
2227
1798
4117
1682
1064
3671
533
1240
4518
1172
1646
2700
2334
4558
2571
1980
2429
1684
4291
940
3571
2894
522
4327
1853
2997
1313
1753
209
211
2359
832
4284
599
1028
4022
428
1550
1666
2132
2776
1679
520
1862
1030
2804
1228
2832
215
1186
1230
1013
4116
3053
3989
975
3559
197
1035
2250
2472
4409
4572
3178
3422
3151
3841
724
4394
2164
4593
3174
4383
2446
43
3678
568
97
2501
2386
3939
4040
312
1613
1401
2984
3923
2914
1968
2144
2186
2963
1897
1844
1767
3751
3806
3804
487
4231
551
4299
2307
3023
4560
1126
122
558
595
1533
2329
2802
3076
2772
1507
261
2011
1578
4142
3666
3130
4415
93
2436
1619
4235
1930
584
1363
3140
2490
4676
3921
527
29
1544
1982
3521
265
3835
707
3967
2780
1537
3473
1769
1954
2862
3021
1645
1739
1111
1541
1933
4514
3316
2922
931
2142
2596
3015
1823
3354
1916
4469
4124
310
2610
3477
1749
531
1875
1104
967
3685
919
3553
1603
273
2731
1895
4379
148
57
2879
1297
3626
4570
62
4153
405
3111
2175
2314
1113
3869
2228
1652
3507
2906
1421
2462
976
166
4644
915
2688
510
1082
49
3907
3730
2387
1478
4694
1630
2221
4720
2069
239
2193
1593
4193
3494
2893
2099
260
1379
4010
1565
3289
3937
2339
2646
3820
3427
2634
2081
187
2626
3528
4198
2498
3630
3700
532
2257
3079
2277
988
1526
2299
509
4266
4545
4413
3160
1106
2160
4159
2422
3505
1251
3006
857
3244
1084
1672
4728
3237
2508
1633
3025
4272
4506
1766
4236
95
1072
4025
2168
2876
4106
379
3442
34
3468
2274
3072
3998
4678
3276
4640
344
2302
3047
2358
1540
4349
2793
4297
981
3842
2863
2713
648
194
2868
190
2900
3778
2792
1907
3606
4652
4418
2966
253
2367
3094
1644
457
189
1825
4437
4567
3550
4688
1568
306
4464
1177
3522
2223
1764
4641
2897
1232
4032
2485
486
2909
150
1787
3539
1920
1917
413
1073
4212
3816
1635
2013
4076
303
702
3503
2907
710
3106
3546
1045
2152
3817
2348
2461
3376
2471
4668
1093
1577
2451
3953
2194
1107
4324
4735
2352
2621
530
2061
1557
50
1989
743
4355
2547
38
4170
2364
982
2524
4523
607
4697
1089
1162
3957
587
1560
3075
3760
4281
3628
2043
2357
103
2121
4628
2768
3954
1863
3535
1735
1449
3879
4667
3708
3926
778
2203
2523
1755
4282
737
1551
2857
1049
4202
159
2541
2959
389
3208
3853
2176
2926
3137
3618
3893
3410
3584
3696
2964
4045
2627
500
222
3431
3964
2232
3734
1439
4380
4727
2495
4035
1124
2420
1834
1596
2982
186
2207
675
2996
406
4230
4144
3220
359
4589
3464
2598
1528
3990
357
564
2494
2037
1985
3885
235
2224
1253
2807
3121
4325
4172
2859
2682
882
3597
3797
840
3660
1362
3037
168
2874
1447
3163
801
2904
2336
1101
1017
1869
1116
1256
161
3020
3172
2283
1167
1827
2108
4561
2779
257
3570
1154
2710
3439
1274
966
3347
3868
2730
575
4488
4685
2060
1146
727
1423
4302
1777
2480
3071
871
278
3217
2114
292
219
2535
2556
3838
4215
3177
799
1404
155
1647
2454
205
249
4333
1727
4210
3611
3184
1616
844
1730
3314
2071
1480
1689
4346
3931
2281
3000
3445
3380
4108
1188
3056
4161
626
202
962
4661
3563
3115
3035
894
2742
3005
2781
3132
3429
1305
4534
3479
4660
2998
2056
1115
1016
1627
2684
4613
859
229
3755
2195
1217
1373
4442
909
4365
2048
1180
2047
559
1292
4496
2073
3702
214
2460
3170
474
2141
401
1405
4123
1036
1391
4008
1681
974
399
250
4476
1552
87
2019
514
504
2065
3002
3491
4658
3198
3657
2026
1721
2180
835
3509
1915
4252
4261
3168
2247
4009
3962
3181
676
1522
3032
1939
2074
3763
2080
126
2271
3191
1881
792
1538
3718
4484
391
2752
4195
3880
3968
1268
3216
451
2648
2198
3963
1246
4053
1817
3812
511
298
1289
1262
2881
2072
794
4623
4662
1751
3425
861
1678
3161
4255
2678
3811
1506
4562
1742
1160
3866
2021
4479
181
3290
3086
3434
4435
1388
578
3744
937
4718
3087
1453
3616
2643
2961
2782
4581
4037
1389
1498
3256
2264
2920
1625
597
3796
3201
2529
2457
3658
950
4451
1112
2882
3011
3742
2569
4214
73
3950
4251
69
259
4548
1019
1376
2151
2918
1372
688
3493
286
1597
633
3486
763
2346
1747
708
1642
580
2268
1413
165
2635
4344
1205
2641
2134
12
581
485
3338
4470
2851
3747
1411
3799
3644
3650
4381
30
1095
2696
1352
1444
3568
1938
2106
2548
3282
1385
2987
748
1759
4598
2981
25
628
2398
3358
2677
3317
3803
3489
4701
2756
4347
2463
3476
2077
3932
2955
552
437
2115
2337
1272
3961
452
1794
889
2743
2000
4634
2719
1595
2830
2824
2856
4260
204
1285
2580
2159
627
2241
2978
2089
3523
4551
2105
2266
4665
1323
1620
1655
1267
139
3542
4042
414
4247
2201
2605
2766
3057
4192
1867
1393
3225
3261
1442
4001
2131
1986
3396
933
4316
2651
1997
2774
1921
1014
3777
1254
2235
823
505
2608
3318
2390
1475
3092
921
4690
870
2444
2659
3589
1223
2798
1091
741
3401
15
470
1599
563
4239
1667
1838
2187
1839
2126
1168
4457
2791
1304
63
238
4725
3508
874
1605
138
4433
213
3136
987
4721
1925
671
4207
2452
3013
433
3176
3307
188
3791
4054
325
2167
3781
1846
4627
4389
2725
1182
4091
1530
1270
3536
3613
2539
936
4321
4286
191
1264
1461
2723
1882
1662
1952
1037
3860
1207
2915
1592
709
77
4649
849
3667
3495
4088
2993
1804
4521
4713
993
1745
3645
322
3688
2604
2273
2551
4731
4288
4000
4544
2595
1701
2290
2711
2761
4455
3167
3987
1586
2475
3417
3385
4632
4197
2553
1347
2510
2554
1580
540
4378
4309
323
279
1454
1364
1196
1221
4608
1573
4597
722
4447
184
3748
4656
537
3024
3403
946
3783
1472
1816
1283
2391
1812
1815
3280
4505
978
1656
1193
4399
3704
1601
483
1336
141
1649
2940
1452
3706
1711
566
2275
136
4489
390
1960
1346
3345
3143
131
3587
1088
60
2740
1590
4176
1085
4438
3333
4530
4374
4366
1965
1509
766
788
4576
3710
1181
1512
429
4519
1717
2078
388
4043
1547
971
403
572
299
4369
3175
2023
3451
1958
4617
1686
493
4317
1136
2822
1279
1078
2567
2138
195
407
2396
2669
1543
4027
4456
3830
1445
2272
2306
2736
1919
1440
3592
2903
685
786
543
143
2799
52
3090
2572
1208
1206
1734
4502
3586
1460
3848
4005
3631
1768
89
991
4121
4673
2932
2755
1629
1894
2205
2520
1094
4527
1606
2670
318
4232
4090
3298
1622
886
1380
1634
2145
2211
114
4152
1288
422
639
1032
3144
1198
1988
4227
2102
3518
112
3223
4342
3480
2777
1427
4165
3331
4071
4459
1607
3552
3545
803
1400
846
2368
4577
2456
3683
2493
4287
4425
3081
3529
2765
3309
2070
3373
977
1163
2042
521
1975
4492
3917
1359
4046
3337
1233
4041
1052
642
2583
515
1705
3478
4253
2971
4258
1698
1926
560
4226
796
2455
2795
3487
2365
1435
1204
1229
1773
4478
3326
1474
307
535
2735
1878
3099
4206
1976
3792
3482
3499
1310
3858
18
2413
4704
3322
2509
4063
1600
1176
2464
1076
4089
2672
328
2157
4407
2430
2216
1724
1806
3924
2645
1122
4290
747
4185
1699
4703
2687
490
1783
352
1876
3594
2032
3387
1890
3711
1200
3392
2439
4393
1732
3312
2789
1563
282
506
4533
3498
4388
3308
4038
3252
2703
3897
1155
1056
2838
2377
805
4428
369
3061
2615
1047
1906
999
237
125
454
1712
1950
895
2128
4620
2970
2120
3112
2165
3204
3942
1696
1971
44
742
3229
1320
779
939
1276
2778
1517
608
954
1491
3497
2122
1307
2808
3936
753
3999
2113
4332
4585
248
3537
1164
3754
660
1420
2137
497
3268
2943
4179
695
78
3384
245
342
3430
47
2958
1621
4463
4220
3124
4599
1554
4595
4726
4395
821
507
539
705
2769
872
2218
3116
2027
2519
4512
775
643
4057
4698
3789
4077
2251
1695
3795
765
3186
1463
1801
1566
2432
4482
4368
4424
865
2101
4612
1612
2399
1443
1510
4683
83
2369
980
767
1159
3157
2591
2699
2619
990
813
362
2008
3236
1252
2517
598
3847
21
4096
2316
4402
14
4148
164
3541
2024
1778
2104
3323
1945
529
781
4084
1937
1974
3027
1803
218
4362
1243
1788
2806
2473
4509
3519
864
851
1416
170
4354
435
3359
1518
3979
3949
4336
833
656
2118
2093
679
1448
1826
4510
3800
1081
2960
2053
3566
1856
4015
1736
4543
2576
3896
2297
1575
1131
1572
4531
3402
2433
3147
3899
1044
1311
2976
3349
1758
3400
4462
438
4169
2285
183
2212
964
367
4028
3582
750
2931
1471
877
3752
415
1653
316
2840
234
3779
2040
3646
4565
616
3131
4203
3054
2691
4337
3513
1821
1837
3406
4483
4679
827
3281
1618
4421
4083
780
3395
2036
596
4157
1392
3540
2816
1325
132
972
3089
3750
4110
4345
1494
1169
1555
2233
417
2374
1328
1490
2489
4401
1556
890
4564
2412
1141
2652
1883
1290
1265
1700
932
883
1650
4625
556
1548
2911
110
3242
4225
646
2873
4050
2402
2239
3260
629
1070
4373
2062
706
3271
2967
2188
1425
2269
951
4074
1879
2344
2381
2813
3133
582
3306
4705
3515
3383
2282
149
2785
4508
171
3902
3881
294
3085
729
3327
3669
2051
1892
3549
151
3833
3363
2579
177
3784
2787
858
1298
4130
3766
1029
158
2487
4303
2319
4436
3826
649
4209
2091
2633
3378
3701
2594
941
1431
2149
2612
3357
503
854
394
4283
983
3435
1195
1231
4448
1211
3040
4556
1041
53
232
4047
3456
2197
4671
2252
1942
4242
1153
3665
1628
1567
2311
3070
104
3342
2395
3904
3058
3901
3716
1977
459
4675
2726
3069
3405
423
227
446
1779
2087
3474
546
1284
847
4709
1694
145
1165
3279
1842
887
2695
1492
1932
746
798
179
1963
1718
555
1993
4061
3283
1038
3305
1549
698
1591
3922
1929
1723
3361
246
809
1436
441
2559
1936
241
1979
4087
2607
1581
4304
1710
2291
3560
4590
3951
3663
1626
784
1796
901
2860
659
4211
58
302
4550
281
4163
1281
3227
4729
115
834
364
1790
4357
3492
3460
4338
2603
1776
4181
349
749
1962
571
2231
879
896
3449
251
4086
4715
3346
1361
4392
2309
2481
2419
528
3325
1430
3554
4624
863
4717
554
4582
2829
1725
2849
2158
893
714
4156
2055
2655
443
174
3690
2866
3569
1610
2581
4467
3839
4180
106
2528
2728
3413
1351
925
1858
1245
2263
4504
3074
2025
2289
4312
930
1319
1105
3831
2242
3714
4672
3375
13
3500
3286
3202
815
1437
1458
3083
40
525
2867
944
4687
3707
2827
1342
3088
4243
1315
1225
4501
3467
3299
1995
2083
3381
3557
4734
398
3687
377
577
3296
31
816
3969
3324
2506
1587
2293
2161
1553
1063
1671
1294
4566
2515
2880
1972
570
4318
3050
573
3457
2375
3315
2397
2858
3810
2690
1145
793
3190
3625
2870
716
2259
2219
1242
2345
2505
2991
1479
3599
730
836
199
2718
2006
517
1110
1068
479
64
223
1503
3862
2516
715
2533
2826
4268
3295
4011
4490
2243
777
4129
4522
1069
3782
602
617
152
4602
2172
3600
1324
3854
3770
2305
2667
1042
4719
3351
625
4403
473
1868
2295
196
2819
3815
952
208
1024
1258
557
764
154
283
207
2801
888
1772
447
567
88
1031
315
1851
1096
2030
3028
2351
4611
3703
3068
1087
3367
258
4375
1692
686
3336
2790
2942
1719
1007
3765
373
2624
3030
3291
66
