1761
518
2648
1502
235
2618
1485
1148
2603
398
2233
1327
2892
931
2347
465
1204
877
2585
2217
1821
1871
114
1912
1802
2813
591
1669
1194
1144
2572
2974
1741
2172
985
210
1123
1596
1435
1076
1898
1010
1981
1105
2676
2523
486
2162
636
33
31
2242
243
764
1265
2171
1878
1398
1280
717
499
1259
551
2352
1043
2478
1356
2215
1156
1187
1934
2327
532
1073
613
2623
2389
814
680
401
1433
1553
705
1077
2757
896
745
474
1154
55
451
19
589
1991
2506
783
1371
2374
993
353
1275
950
340
2125
2865
1298
2586
1696
2461
2662
1293
2811
380
469
2206
1160
395
2486
1282
812
2181
574
177
310
861
1333
1069
2741
1748
230
2639
1573
183
139
1970
996
2522
2837
475
2847
1879
940
2402
2739
2580
273
2276
1484
2594
321
1722
248
676
2980
1246
2024
195
215
2498
1747
348
1628
1510
843
2717
2094
2968
894
563
1427
1870
1386
2965
2942
2584
1349
374
1081
2421
149
2337
1375
2548
1468
777
389
1809
1094
1122
109
2052
976
1225
192
1641
2547
2329
1982
461
1007
671
54
1781
205
392
2438
2278
851
386
787
2972
2391
2040
1022
971
1792
2767
1127
1752
1575
566
1062
2418
1856
154
1471
1448
1684
1407
2727
478
607
2800
2036
34
1030
2155
2377
254
875
107
2446
616
690
1819
2104
2951
2628
247
2690
419
2650
2150
365
2341
924
1240
2555
1166
1901
729
492
2923
378
2191
1482
831
2616
2300
526
2281
2902
2288
2619
312
1024
316
1944
2414
975
2509
1811
14
1831
1775
2527
867
1525
632
270
1338
116
1689
2532
959
691
425
1683
1764
1222
2405
1290
1506
2325
1774
1881
1724
1164
2552
1903
364
2084
1652
27
1026
2747
1540
293
2451
620
2387
1609
2043
1801
2699
2890
267
1976
990
146
1572
2442
181
2259
1829
791
953
271
1231
1740
2107
2393
534
283
1922
1334
525
1015
458
1845
162
1670
2544
948
472
2020
840
1366
1181
2458
1367
223
174
2963
113
2495
1459
2343
2903
2463
417
669
411
670
1212
1074
847
1660
1674
1867
2617
157
2407
1937
1731
1262
1904
234
1515
1093
101
2087
147
2403
2068
810
2147
1029
609
8
1321
2599
2761
2668
381
1917
1690
1578
1665
965
2489
76
2472
2108
38
67
314
1108
1258
1465
1851
1165
2059
1203
1147
825
682
289
2318
244
2060
1179
2511
2128
1040
2772
209
1729
2857
1027
2433
2722
1842
1594
1061
2825
1019
2687
2475
2409
2702
1257
521
2021
2450
770
837
134
2322
2918
593
393
2976
2884
1997
605
1906
2533
43
2245
1808
2436
339
124
2046
1196
505
760
2573
1559
984
1710
2089
870
704
305
2543
1794
449
2180
767
2794
1659
1941
2244
372
853
558
2149
2241
2201
356
1403
1347
545
2056
467
857
741
2229
2855
935
1150
2765
2401
2019
646
1120
2824
1647
2704
2143
2367
437
562
1946
878
584
2480
1239
1668
1118
524
442
1235
1739
929
258
1363
2524
2170
1430
999
2737
1087
1301
1185
968
2492
2028
412
2236
696
1650
1536
1032
2326
1167
2055
1711
2950
621
715
1728
700
839
667
2728
1220
1418
1757
2106
2448
407
902
2381
1545
369
2598
2234
1325
1832
1823
818
2935
1839
681
2830
1286
1151
2311
2187
1760
1643
1437
1368
1735
1374
188
2079
2119
2602
1987
2110
1666
2664
2235
1099
252
1767
2660
1521
538
2454
290
805
1727
2615
515
440
2263
70
1707
2286
1885
568
1483
447
2457
1909
1763
145
2964
2861
1215
2240
2889
1107
1694
2103
418
2423
1284
645
944
1260
869
24
2220
444
2071
842
2791
1221
219
872
1389
2689
1475
57
1968
2926
2303
2897
1214
786
436
1753
1310
1111
2072
1591
108
952
2983
546
1095
1719
2796
1543
52
1947
1072
155
2467
2587
2295
1538
753
2432
988
2185
2209
224
172
981
1940
1066
2725
989
2126
1311
884
2886
2893
1732
1687
2718
1020
598
2452
2932
1789
182
1397
1091
231
490
304
582
634
1524
1354
2133
1883
2583
516
1279
1129
1100
956
260
2113
742
618
739
2738
488
236
610
1409
2715
1460
1965
2000
1113
640
1833
2174
2067
1315
1035
1472
2917
986
2814
1546
1351
2141
105
1139
1916
1509
22
711
1566
567
1841
806
606
2439
751
2838
885
159
1681
1254
81
2755
0
1051
974
1189
2476
1695
2864
2169
2809
2512
2590
313
1080
2744
1004
21
1614
523
326
854
82
2332
637
466
2226
1038
1675
2008
2219
1688
477
29
1499
2682
723
2366
1413
834
1844
1295
1192
2635
2958
2101
1392
2568
1410
1302
1000
1612
2774
2359
1769
1357
899
862
1891
611
1348
1523
1086
2953
324
1470
1480
1304
1930
2913
220
2732
1393
459
2866
2130
908
2783
246
1400
1866
2540
189
2581
1278
2651
2608
2849
1159
2579
156
344
2284
2940
2158
1103
1355
23
1429
927
2250
1721
2462
1955
967
1264
2674
2609
811
1592
1200
795
2029
2411
2799
1820
2308
2139
1977
1234
2536
2166
1383
2518
245
1322
1868
2803
2745
1474
881
2736
1116
2353
1318
2429
809
1813
1869
373
1962
2285
2487
835
2047
577
2351
2712
83
1529
1776
161
2275
1960
2098
2441
554
1292
2629
1300
1209
1153
2137
1352
1897
550
2818
1780
2134
1699
111
2163
746
2491
242
2873
2426
1085
2082
1629
914
2156
1541
1616
774
214
2282
1788
733
2606
2410
838
677
1289
527
1283
826
1812
2644
1440
1384
1933
2912
1006
813
2455
2657
2954
2256
2933
517
1927
233
1067
529
662
90
2754
376
1142
187
2911
2591
501
2962
1396
1992
2283
2348
2686
1672
2832
2501
2470
1057
360
994
672
502
1014
844
913
2525
1785
630
2647
1285
2672
1756
759
1477
446
1750
2168
1587
2482
1023
1324
2419
626
2267
1256
13
1520
2249
2011
483
752
820
936
1949
763
2483
1602
2371
2434
184
1576
93
26
1697
1423
919
2465
1979
1771
1676
1252
556
794
2054
2413
639
262
930
5
1291
330
2003
966
2574
361
2960
1840
1751
1971
1682
1128
531
1406
122
140
1737
198
179
1623
1042
1498
1657
2868
123
397
807
2975
1615
51
2905
1651
2368
1758
555
1488
1843
2839
1701
275
765
2176
79
1586
1267
1414
2002
171
712
2360
557
756
237
413
456
2312
2246
1331
762
2604
2058
1716
890
1305
479
1376
1890
2570
2645
602
1830
1875
578
1539
1571
1796
2658
87
2842
541
2785
212
1677
2831
1818
629
1714
766
2192
882
239
828
916
2081
638
2740
1655
635
298
2979
1889
2561
1908
2836
2805
359
2006
789
229
1514
1501
2385
2916
487
433
1071
744
614
603
954
379
1272
64
917
2306
2346
2319
2967
2269
1806
120
287
2302
2299
1613
1379
648
1860
2092
1059
2167
2262
2577
1308
624
84
2151
1017
781
901
823
1177
883
1079
2310
58
1556
1508
1008
1436
2782
1175
1759
2481
100
2274
1945
1963
1009
1534
808
2906
1618
86
2567
2853
1186
2563
2521
1449
221
299
832
2292
2399
2947
1025
1790
912
666
2771
2928
1395
1905
1332
2559
2293
394
580
1208
665
388
2175
60
2513
491
858
1810
1625
1610
740
2669
1441
2696
291
1838
322
1886
493
1487
1002
168
1388
2538
979
1743
1236
481
955
1663
426
1133
1479
1090
2779
2140
402
1635
1492
1859
1691
285
2749
2202
1935
1232
1422
91
845
1306
1914
208
2742
991
678
2479
771
2885
1880
2317
1967
370
514
1517
2076
721
471
2328
2212
1706
409
75
2485
96
50
190
1491
1516
1585
1855
1895
1112
2194
1495
408
2537
1197
2124
2949
1705
2656
2420
2384
1931
1114
2260
1390
1544
2053
788
2822
833
1925
1170
1064
2706
1343
1993
2016
485
1640
2895
1548
2872
1549
1920
1626
1296
2203
1317
1817
2596
2412
1253
319
992
2297
2254
1581
2870
2022
2497
1825
1568
2776
2653
1233
345
2939
1953
1653
2843
698
2338
2641
1082
1237
357
2080
1115
565
1385
659
1513
2969
686
887
2424
1900
2358
131
888
2356
697
1639
657
2342
2931
1450
1561
1924
2812
1255
297
2136
1458
2850
352
1617
943
17
2600
160
335
1297
2273
1339
1950
1266
2879
511
497
2061
77
594
53
1713
1537
633
2597
2427
1447
1303
423
2252
2154
1910
1041
710
2469
1372
1600
1923
1929
1424
661
1862
36
2228
2898
2453
798
253
2042
2093
2111
2528
1773
1768
1411
772
1033
194
2287
2030
251
2199
1804
793
1058
1068
1745
2750
780
1494
1693
549
1560
2148
873
142
68
2562
2663
2605
2375
445
1158
204
769
2404
921
2878
1648
1269
1915
1580
1415
2398
2876
776
1772
2661
724
1223
1021
2005
2301
987
1887
1570
2705
226
1853
2112
12
747
2921
736
547
2161
2751
1421
203
1692
306
1972
2907
1952
40
2488
2315
522
2938
2473
1271
1766
660
2564
799
336
1608
983
1718
2314
278
225
2882
2655
1307
1323
1779
2142
1777
2009
1134
1377
1994
59
1620
2894
1708
2073
2077
2204
1408
1854
1638
1457
918
1191
2490
1013
2330
650
1848
2063
542
1849
2102
1589
2508
1467
277
2551
323
817
608
1864
343
879
1956
127
998
2844
2428
1530
2222
500
732
2775
761
1738
2197
2707
2719
150
2834
1036
2554
1836
2324
2789
2891
1755
849
1627
1201
240
2459
641
836
2978
2646
900
2406
1805
1606
1678
2085
199
932
35
2425
61
1528
2693
1016
1261
2874
227
462
778
2365
2952
1547
719
2122
1210
132
1169
871
2144
1531
1244
2034
796
2944
1391
1593
1213
1815
2858
163
1633
202
758
1176
441
2207
1401
264
576
2557
2519
1034
2642
1143
1345
1584
886
674
42
1163
2304
2961
1850
685
320
2835
2416
2363
1896
2447
1337
1274
569
1562
2305
1205
2225
2116
2138
1227
1630
104
2769
2211
2633
2355
325
1096
1954
2636
2471
294
2793
1564
1709
2064
1726
255
2716
1686
1097
443
2611
2973
737
48
1888
757
815
1340
167
2549
961
1104
615
1816
2277
2165
1183
951
448
1964
1791
586
1489
1966
1999
295
1126
405
1555
903
2777
1599
1088
28
1978
422
332
2659
121
2437
668
249
428
309
775
2828
596
341
911
1926
1814
1983
2790
1637
1720
2184
2290
1664
1828
1039
1622
592
218
2698
1463
2044
1309
2810
725
2970
2099
2484
2948
779
2620
2723
673
10
579
2622
1404
2667
118
2417
1102
2671
2625
143
269
99
165
1715
311
972
368
2075
1551
334
1723
2595
2422
1671
2888
1603
4
272
946
148
1497
1248
2078
2516
893
2945
2177
2289
211
416
3
1601
856
2588
1872
2095
2860
1130
2841
2015
2752
1957
2955
2966
978
1493
2735
694
802
2041
821
454
2666
1797
2684
2887
583
2768
1892
375
722
1054
513
1412
1473
1519
2566
891
1119
1646
1174
2200
1827
45
2340
307
642
2880
2010
1631
1451
2237
709
2037
1928
2703
2035
720
1595
153
1031
590
1658
480
1380
2266
1378
2827
2627
1784
97
2051
318
830
196
2614
2466
1462
949
1507
2531
2253
1228
2105
169
1382
2534
135
1632
1807
489
782
910
2258
1961
2692
2223
2431
706
2014
2390
2474
396
1948
1569
2153
801
1138
1654
73
790
2435
2121
2394
2943
824
2050
2560
9
2817
2908
261
907
2859
439
2977
2307
852
1405
327
1281
2502
543
1958
2400
2610
1344
1826
1645
1526
2848
95
268
1736
2630
1106
63
2243
1822
784
995
2909
385
2801
1083
429
300
2396
1974
400
2321
1046
735
773
631
2819
2515
128
2854
2695
2183
2378
2018
403
342
1155
1288
909
366
2507
1089
2624
663
106
2925
617
537
1685
2349
1224
2721
193
25
1140
2517
1238
201
728
1700
1894
1365
1328
2118
2637
1152
1505
1567
2231
1619
2982
2816
1198
284
2781
464
2784
1852
718
743
2499
2520
1527
564
1552
1314
2694
1226
1644
1597
1047
2930
2097
1216
292
864
390
2373
969
933
2339
1554
1230
2720
2714
1899
2468
1364
1001
1381
2088
2383
1218
2239
874
863
2877
2535
1754
2915
2780
333
701
977
354
2012
926
2007
1522
1202
484
1336
957
2164
280
2826
2514
2631
2370
1394
1749
180
738
2100
2746
197
2575
841
898
406
2546
2601
266
1443
1717
1329
133
2248
1168
2
1060
170
937
2569
2031
652
1199
2652
1605
1986
1893
755
703
2670
695
453
2589
399
1846
2179
2786
2230
819
649
2026
384
1877
2649
1432
1453
1455
166
2313
286
1172
185
1918
2379
152
2131
303
1420
2924
427
1426
727
2846
1511
503
1276
1136
88
1621
415
1943
1358
2193
1936
1837
1656
1319
2157
2090
2049
2238
973
1783
2335
1742
2264
2626
692
1882
684
2083
1193
2216
32
20
1604
658
358
16
2027
1245
2677
699
942
56
702
1464
2904
655
1182
1439
595
506
1207
707
362
89
1117
1003
2553
274
1180
302
1975
1911
382
895
455
1800
1162
112
2146
125
46
2929
1049
1583
1110
1873
2726
2357
1503
1744
2713
414
1454
2214
1558
2856
1135
528
495
1478
173
530
1980
915
2232
2013
2510
1268
2959
1098
1075
2279
920
1146
1149
1335
572
2871
716
1607
2852
800
141
78
2152
1341
512
2638
2334
1778
276
906
15
734
94
2941
281
656
1242
44
892
2388
2634
1704
1907
2607
2117
2869
1951
1101
1250
2709
575
216
1865
2178
351
2681
2038
1247
213
2981
228
664
222
2770
2815
331
2971
1277
2062
880
2186
1765
217
18
457
2593
65
1316
1052
337
2576
1469
2526
2821
1611
1634
2541
1990
750
1161
2901
2218
588
904
2382
1360
2345
585
2443
1361
792
119
98
1884
1698
2700
1050
2294
421
2640
1577
2066
1109
1973
1824
1461
1542
438
2160
2675
1320
2881
945
2333
2957
2261
1249
2654
622
1532
1938
2460
1988
1350
2529
1211
2291
2208
450
62
2697
2268
1762
1084
1984
1702
1500
2386
410
804
1876
2001
2733
1037
2734
238
1921
136
263
430
587
2496
535
1661
2708
939
2914
1425
6
1402
30
1434
2270
548
2845
2397
2316
934
2364
941
1438
1770
476
1787
2135
1996
7
2688
186
424
1055
2956
2198
1206
2788
130
2372
256
508
496
571
1662
2730
349
2221
2025
2678
2632
1835
1270
347
1446
2503
1173
829
2190
679
329
822
627
2298
126
2477
1786
435
754
144
947
1416
2900
1078
2504
2205
2195
279
2710
544
2344
553
1913
250
2862
855
1353
346
1535
1579
688
1132
2361
539
708
2798
675
2778
2493
2456
1171
1326
2048
265
301
1667
164
1044
259
2500
509
2120
2280
2613
1456
296
2045
367
241
2934
2556
11
69
1799
962
2820
2899
982
2643
785
2227
468
925
41
2578
80
1959
2109
536
651
317
2320
897
92
731
2545
1902
2380
2863
1045
1141
1919
1399
404
1359
2074
1217
1428
507
1476
1287
2173
2910
460
868
683
431
49
1251
37
1387
2731
1490
581
938
2766
1
328
600
110
749
2558
980
102
2127
2773
1642
958
2023
2115
2309
2542
2440
470
1582
1512
599
1125
1857
2840
2758
1563
434
1243
687
138
2724
103
597
928
2091
2464
2032
1369
797
2685
1092
2069
1557
2582
1157
137
2265
175
2376
604
730
1734
2392
2430
619
2851
1782
151
1874
1680
2369
923
540
1703
288
2665
964
1346
282
1466
533
2323
1998
623
2867
1005
2057
1518
2247
363
827
2787
1137
653
850
2123
2188
350
504
1063
1178
2592
2795
2272
2756
2255
1588
643
2922
2565
1598
2804
644
2571
383
2748
207
1330
520
848
2920
1442
432
1145
2621
2336
1431
1565
2213
2445
473
1445
625
2494
1939
463
866
1673
1985
1048
2004
1241
2129
1263
560
1550
1679
1725
1184
1649
889
371
689
519
71
129
1863
2539
876
905
2896
2808
2362
2505
1362
176
257
387
1373
1574
2296
1028
2673
552
2680
2189
1419
2096
2729
2145
2823
1065
2086
2763
2271
1733
2936
2065
1798
1195
1746
628
1299
308
232
2070
1444
816
1313
2806
2807
2408
1533
1370
748
2743
191
2159
1012
1131
2829
1011
1486
115
510
1018
391
570
2196
1969
713
2530
2764
1803
2792
963
2550
726
338
2251
1932
1294
315
2946
865
2449
1624
1273
1847
158
2679
1834
654
561
2802
85
612
2875
601
997
2753
452
1070
2883
1496
2182
860
2039
47
1590
1417
2132
2395
2210
2444
178
714
1730
2683
482
1312
1942
768
1053
355
2759
1229
1219
2691
39
1190
2711
2762
693
1989
1795
1858
559
1481
2701
2033
803
1712
1452
1188
117
647
2114
1121
2354
1793
2224
573
377
2415
206
2350
2937
2833
1056
2919
494
2257
1504
2797
1995
2017
859
66
2331
2927
922
72
420
2760
1124
2612
74
846
498
1861
1342
1636
960
200
970
