2969
5822
3441
3438
4369
245
5376
4241
4634
392
3727
3534
4956
6650
6120
3845
5666
4171
6945
2890
4333
3679
3083
3985
2420
4593
1492
2056
1627
3100
2511
2914
2702
2700
1560
4483
6857
3704
3919
5936
2303
5620
2945
6624
4390
6368
4730
191
355
4129
3761
5786
6622
4466
325
67
6096
6036
3717
4631
2181
2236
6010
2126
322
2047
4291
4418
618
1029
4713
3010
5607
5378
3058
6396
1611
5729
6777
6854
2668
1513
4873
4748
1209
2611
2184
6008
251
1698
328
3951
2769
4445
211
3121
6287
4920
2
201
3510
5055
4479
3227
6620
4411
2957
1712
5840
7032
5699
4352
6750
4382
1317
5587
2010
2049
3658
2118
6631
4050
3508
3799
2994
4210
3379
6736
3577
2447
2860
826
376
3827
3180
3599
1428
4170
6389
1191
2411
4526
3275
4583
6672
883
6824
2040
1417
3105
5827
1089
3451
2203
5555
5197
4829
1875
3314
4047
6513
924
3706
220
482
3550
5217
6961
4620
1895
3461
5559
4728
1076
636
6768
389
3670
4454
338
6019
2483
981
2216
3188
1199
2770
6617
3089
279
6830
6996
3220
5926
5338
3391
2972
1069
6953
5347
5029
432
56
2694
5451
4899
1365
5747
5679
6693
7007
6475
3020
6629
6532
3523
4272
6445
1134
2177
2008
502
6601
5883
6111
2542
3977
1186
2066
2871
6325
3957
1655
820
5767
3812
2904
1006
6551
330
1263
4995
198
4031
3012
3553
3179
5642
3654
3872
2427
360
5095
5643
3352
2084
4401
2014
1102
2545
3912
5580
1288
5149
5265
3623
1496
7016
2727
2474
3051
1188
3522
1372
4293
5510
3965
3685
1224
803
2795
5394
3892
2949
4556
3050
24
3054
3163
671
390
5038
1528
515
4564
6201
1376
4407
1563
6516
5805
1720
2270
804
5973
2414
4439
3973
6057
4918
3907
5522
613
1075
3138
5861
3729
4412
3597
5963
5092
1885
3088
774
4392
3829
1458
5978
26
4636
6063
827
6895
1526
5192
5246
5891
4135
1913
2098
5064
3308
4371
2082
2037
1909
1005
6579
965
4227
6471
3794
3381
6025
4079
1332
1743
1576
6139
6110
2681
694
5563
564
2134
5968
1945
4023
4473
6846
4820
3319
6191
3321
2932
2352
1603
6707
1869
5721
4753
1327
1948
3646
2553
793
1443
1171
4262
595
3154
879
2465
966
4324
4902
3263
5724
3170
1049
1937
5453
4994
1636
1847
5834
805
975
3844
4580
6233
1212
3720
2257
3924
4399
2209
1711
5025
2071
5908
2092
3140
786
2172
237
1265
1859
3221
428
903
445
6784
6390
290
2334
6276
3421
186
4032
1730
6400
4297
5565
6146
4057
5938
169
5068
2090
1969
1827
5428
6293
346
2491
4885
214
6530
942
6942
4774
3800
5145
2402
5214
5788
1529
3076
4540
5442
1128
5435
3906
216
1849
7006
1810
6214
5548
991
3444
3317
4772
4974
3120
2239
1498
1248
95
156
5928
5198
5152
5594
3626
3715
2999
4240
1823
5909
6496
6840
1216
4122
5430
1631
6046
6590
6193
4108
5079
319
6965
6054
797
324
2790
6020
3978
3861
6798
1805
6153
4218
4374
1223
904
3335
6367
2128
1284
6249
4458
4544
5953
816
3290
1489
1355
2796
1078
744
4359
5272
1285
2186
2965
1090
1623
6975
4831
661
2069
4787
2525
7031
3378
3889
107
2450
3191
4695
6570
1258
1648
4563
6097
4740
2276
187
1287
3533
697
2842
3941
6720
6817
5661
132
485
1794
6692
3512
3956
2436
2263
5998
1917
2364
3839
1295
1936
1321
2142
810
1418
5650
1142
1850
3671
6684
3307
6473
2759
3641
3757
6982
3819
3466
6152
6566
6761
3902
182
1345
3525
501
3348
3109
2627
599
5824
305
4625
6863
3143
6849
184
3841
4585
1798
4673
416
398
5583
692
370
2310
5739
4361
6612
1515
2774
1666
97
4263
6657
6161
2516
931
6095
6059
2567
6550
5207
3090
455
2843
6539
1943
1289
4487
2711
6424
2269
5511
4318
1250
2527
6635
4380
5664
4259
1070
4245
1768
15
2901
1617
2207
2100
740
620
3746
1237
6814
303
1192
1471
3428
5165
5784
5339
2673
2078
1811
3122
2628
1114
1785
3695
996
4989
963
2161
2035
5447
6660
510
2614
3208
538
1610
5831
296
3222
5890
4584
6962
5509
4775
1772
4460
643
5899
1024
6079
1161
2295
3124
3798
5725
6223
3840
5819
5275
5943
5799
6556
135
4453
4555
3361
1845
2761
6976
6922
3914
1724
2254
830
402
3867
1232
399
4635
4698
559
1322
3894
4508
1421
940
447
2506
2369
5226
5478
4005
4492
6077
504
2356
5488
299
406
6743
6511
3868
6213
4729
4455
724
250
2234
3184
3343
456
3238
2807
3354
4752
1141
6476
2854
5596
1116
6970
6658
3447
6329
3416
6260
6769
1542
2366
202
1172
2869
5458
5934
1930
1876
1241
1473
3249
4420
614
3953
3855
4071
2548
5598
5440
2913
5462
877
4714
4565
3144
3723
4058
6568
5119
2171
2409
6285
866
5964
4519
5299
1700
136
5046
2358
3865
1779
6086
3433
2226
3584
6627
5469
662
307
1264
6487
4491
3923
1961
815
3618
1427
3884
54
5173
2782
2803
4699
1916
1235
2752
3151
4345
6713
4733
5958
2985
6796
6894
3660
6884
6792
6414
5935
3999
511
28
1996
4576
2349
5063
1818
576
6997
4225
88
195
2648
6634
3546
1524
5491
1369
1279
2924
403
5622
6518
1486
5639
3903
6043
2280
554
1356
4053
4427
2825
3614
518
2982
1962
2173
5331
1684
767
2169
6252
6831
1357
514
4173
422
6221
1341
6732
5702
4425
3524
2867
1955
401
5517
3292
5287
6298
6648
92
5350
6915
6739
616
3886
1663
6497
789
5243
6676
5541
5728
5713
3349
799
6117
5649
4206
4070
4137
4114
1921
5931
6561
1344
6721
719
6091
1518
4851
6311
6198
6932
3258
2602
2429
2612
6868
6421
902
5000
3608
5399
5212
3119
6938
2045
3418
424
2247
6823
2072
3815
2467
3484
5345
732
256
2482
3539
1803
1060
3414
3333
1047
6123
3836
909
5148
3330
2375
31
5874
6978
2894
6230
2676
5597
1330
1781
6100
1009
2003
1692
3781
630
5521
6416
4113
1426
7026
6883
3410
3417
6734
778
1481
3172
4026
2298
1792
1532
6712
5313
1093
6649
5741
6044
989
6270
5097
1843
4675
223
2885
4685
2241
2658
3980
1361
4338
6866
6908
4260
1414
3454
6730
4595
1494
5089
1251
3022
1590
5566
1399
5268
5040
5720
4608
5561
5408
3724
6603
1907
1278
4280
3295
3862
5577
6828
5884
78
2053
4759
1624
6944
4567
5454
6615
478
2868
3774
3049
4326
1721
2963
2244
5588
1974
2512
4794
3969
3552
4294
6957
2923
2738
5049
1121
404
2441
3271
2654
3540
3412
3828
2376
6968
2326
4216
281
6176
3385
4422
3643
4742
868
4017
753
1863
4793
1625
6085
1324
4066
5628
2146
6409
2401
5418
5223
13
4199
3775
3293
4334
3915
4194
4279
368
5278
1282
6239
5187
2105
4805
634
359
5753
1307
1272
1394
2044
6597
3027
1360
2709
1462
5485
5400
5875
6525
4983
6364
4474
763
4214
1870
3237
6210
2835
6886
295
2981
5524
3504
3945
6484
3560
442
2111
6822
4054
2585
2943
3572
2476
7008
5330
6642
3561
3080
5529
1131
3661
1309
2760
3878
1151
1052
3893
4525
4908
5234
4139
5803
3960
5520
270
3984
5902
1751
1196
3043
6397
3489
5371
194
3470
5448
5962
3286
1401
1242
2179
6893
6218
2877
3217
3574
2011
3680
1991
6819
5230
1914
1550
6082
4619
1621
6037
1505
7009
3130
375
1589
6728
3229
5309
1467
6034
6589
1736
2678
438
5752
3866
6897
2834
1137
6923
5109
5576
1017
3094
3091
4705
105
5941
39
5017
2731
6726
2699
6644
1932
2647
6308
6678
6119
6832
6948
6858
1984
5847
5849
1929
3910
3419
356
6227
2484
3193
3852
4674
6638
739
5098
2202
4545
5703
3898
3796
5640
5771
481
3315
4615
6031
4594
236
792
37
3558
5449
727
2884
4988
4157
3974
59
551
5516
6862
1190
1649
3095
2051
3251
2849
5231
1453
3135
6404
2794
4617
3737
254
4570
6709
5865
363
1685
87
255
2921
4447
1966
1293
5781
2847
3633
7021
2783
2088
3732
5004
6115
5740
3690
1791
4870
51
3541
6674
3688
3394
6646
6560
3733
1043
4432
930
1413
5420
3452
6328
2832
86
2211
560
3310
179
190
5043
681
4887
5922
6376
2502
4131
5118
4469
4879
6731
2983
695
2671
3034
213
1383
6502
1450
5027
5341
3116
4621
5389
6374
1600
1606
5470
520
2844
3426
1801
523
5807
1178
1816
6006
6135
5291
2431
3443
3462
6664
2284
6304
5800
1835
6911
5020
4935
4558
2063
5431
5083
2019
949
2613
1987
173
1446
914
2237
1262
4531
6623
5375
812
6544
85
4554
1225
5633
196
2407
6856
2425
2902
3938
1852
5107
4722
2919
5952
6327
5785
1880
713
6310
6861
2991
2076
4064
1548
1456
3296
1927
6109
5143
6164
4624
5717
500
4488
5506
4426
4512
4203
3824
3368
4599
4223
5975
5796
178
4581
1160
6332
6508
3581
4450
2944
3850
1499
273
4756
2743
6587
1176
5547
1581
4958
3219
6833
351
7000
6435
2086
5481
4286
4850
1591
6060
4849
3434
2812
4744
5578
1447
1763
4185
885
4979
2204
3838
5288
6433
4378
2341
5608
911
6242
1084
5814
5868
5776
6318
5757
3277
3987
3864
5228
718
1404
1707
3904
4917
6744
3169
3996
4233
1483
711
4961
3362
1866
4025
491
6628
5595
2163
4746
1951
2690
3678
6764
3345
6926
3842
1704
5553
42
2720
652
2144
717
4107
4048
148
5653
586
1775
1534
1256
1402
1682
6717
4541
3972
5254
3409
855
4386
3569
387
4586
2188
177
1894
6816
2535
1239
1733
3628
934
4807
6949
1661
6746
6194
1087
3756
275
2022
3853
2499
4657
7013
74
672
6420
84
1217
5349
1530
7014
6955
2114
4208
3332
486
2029
4231
3922
6829
2378
474
2575
6286
3356
3351
2661
4809
1020
4174
2255
3776
1480
3342
2718
5108
4144
664
2744
79
6950
5344
1392
5464
1976
2210
5503
1411
655
2750
4592
6482
3232
1924
5474
6772
6486
4323
773
5896
1044
3514
5044
4609
3450
2805
6699
4394
2821
2966
4049
871
3857
5221
6200
5058
6196
2388
6907
2733
4652
4344
1085
443
4845
873
4606
2400
4604
6262
4004
2510
3046
5782
1441
6951
3825
1844
379
271
417
1040
603
2959
1046
4375
3496
326
6867
2629
4534
2282
5381
6799
1222
974
1731
1618
241
5240
129
2722
467
35
113
5948
468
3082
6827
558
1316
4754
5737
2600
6967
4844
1755
5683
7019
2596
3803
2725
6586
5600
1507
2230
5531
4963
3760
5205
6040
1382
3162
653
2488
5629
6810
2031
5981
4102
6021
3888
4997
2359
1033
6427
5493
2052
6990
3913
6033
2995
6401
1398
6344
5401
272
3171
5558
2848
2067
1484
285
6522
2705
2036
266
6130
3976
6842
4288
6236
2829
2307
145
2649
6383
1215
6403
2475
6244
5271
4890
4551
149
5026
6181
5182
5832
5450
530
3250
4478
2332
1959
2736
30
6092
317
847
6251
1113
625
3235
1347
912
5603
5244
5944
1342
3934
2194
4377
6547
4038
4955
6295
5141
3218
2439
4781
6900
2281
4457
5846
2361
4040
7001
6418
4532
1407
6679
1035
2165
494
5850
6283
5010
6372
3069
1315
712
3322
2950
4149
3442
2582
2608
6381
329
3474
469
5126
6022
3740
4036
1613
6748
602
188
2706
6724
2765
819
212
6969
5072
381
1766
3126
2838
2113
3028
4709
721
6155
1431
2962
6162
3921
4274
5305
6904
5252
2157
4859
4123
648
4692
6129
1384
3578
609
6465
4150
4172
1298
238
3403
5801
4960
2013
1642
4796
4711
2218
2391
4180
1900
6147
570
2311
6974
5363
6905
5853
5204
686
5723
339
3520
21
5921
400
3009
306
133
2977
4043
4867
3019
6501
5138
4925
2764
3195
878
3189
2027
1436
4278
1602
3059
4819
2074
2748
678
5812
6738
3591
2583
4370
1077
3239
5374
5611
323
5808
3077
6668
4965
4480
5496
632
6165
3954
3863
4804
3768
5069
6572
3301
2242
1571
1678
2268
103
4330
2318
4871
6395
916
150
6892
5362
3935
1457
689
1464
6101
4095
3329
5974
4812
2059
4045
3136
1125
2423
6791
6171
3476
3070
1227
3320
3506
6654
5722
5085
3933
1901
6005
4959
3667
5370
1770
3802
4588
4347
4444
3114
3397
58
5232
5551
222
1504
1173
1848
4465
6356
3743
798
969
1014
4936
597
4494
6637
6145
4059
6937
1871
6756
3247
312
1873
6018
6411
3155
6067
5754
3537
1184
2260
1367
6685
6460
2457
858
372
1028
5342
4000
388
230
3405
3609
5492
828
663
2804
4011
210
309
1127
857
4125
6199
6499
741
2405
1363
243
4697
6529
6090
6240
4056
2746
6909
5403
2325
1448
6026
2519
2578
5318
4132
2562
5477
10
1897
1662
4143
2967
378
6757
6280
1672
5571
1503
1963
4471
4367
159
5277
6234
4688
5766
6771
115
4548
1226
2828
4884
2563
3758
160
1325
2687
579
1294
5133
4678
6289
1537
2703
377
6253
6464
2771
6776
2604
6604
497
1511
4437
6789
6321
4140
5929
999
3309
4154
495
269
6468
2961
4181
2547
4433
4074
6220
1146
605
2615
4152
3708
4626
5605
5825
5519
3982
1674
1797
1026
6238
496
1132
393
6226
1665
2424
4646
232
2941
4847
4760
4946
264
66
1346
1335
2481
6456
4749
1774
3521
1152
5882
2564
5895
439
838
6314
1970
5715
2448
1310
1608
6089
4912
6716
854
1255
4651
3198
6154
1677
3694
3014
4168
2735
2382
4815
47
6406
391
498
5129
6340
2021
5136
5177
5415
4126
890
3
3937
4309
3848
4179
17
1201
3587
3016
5602
55
5123
864
2043
6559
1799
5911
4866
1762
6125
5042
3400
3164
2075
2882
7027
3501
631
3340
1997
5298
2679
2117
2638
6348
6812
6759
5218
6507
2058
4770
5282
6116
1166
5707
2347
1580
1379
2316
2387
4310
5367
6431
3817
18
4368
4242
5322
5373
4415
3944
2464
4945
4843
2669
3607
572
3822
4924
3128
1259
3677
5361
5956
1123
2060
2225
1922
1100
6323
206
4189
1701
4396
5573
4315
153
5950
2258
3472
747
4786
146
1109
6606
3543
540
3909
152
1104
5940
4414
4856
4193
6429
112
3284
658
720
5960
704
3801
5552
6999
872
3686
4341
3947
34
3601
5383
3629
4572
2377
4637
1956
1965
288
1493
4282
3777
141
1380
1245
516
5261
762
2954
6292
4962
1107
2493
6973
6972
4680
5112
2814
6521
1854
3294
3612
5677
2874
3718
1687
839
5365
972
1016
2344
1054
6312
3272
2992
5613
4799
2024
215
1577
1246
6583
6228
6173
3257
2500
5977
2701
6682
1659
6673
3057
6749
2389
6537
5528
3711
5986
6
117
4423
1812
5191
2665
1585
4400
2775
2762
3793
126
1722
5016
668
2501
1957
5066
1860
3610
5178
5932
3778
5542
3068
449
545
6149
3566
2016
6585
6102
242
446
2568
4042
5281
5498
6890
4669
4209
2132
4003
228
6787
2768
2390
4041
3820
4627
3763
1065
4226
3767
3963
5881
1155
5465
3554
2185
1055
6075
1032
5067
16
1999
94
2109
4880
3555
2222
5279
5316
555
6056
1903
3240
968
4340
6804
2355
927
4431
5512
3096
1452
5734
2026
5032
954
948
6488
6729
1735
1301
2626
2379
3042
2193
2038
6793
1832
6237
3635
4909
2891
3158
4307
3045
4882
6807
5984
2918
6394
2174
2898
1041
1476
5957
6112
6630
1057
1658
4383
1732
2175
3816
5002
2558
1460
5917
6266
2473
1368
3575
2667
1752
880
6578
2855
6302
2590
5671
2659
567
4768
6710
2955
1726
5631
6665
217
3748
4561
6434
3528
2873
289
6826
427
480
4076
6680
5708
6163
7
1728
3214
2710
6469
45
3696
1388
2872
2125
2753
1042
2256
4858
1348
6444
548
4104
6012
5906
462
5621
4611
3908
4893
3402
733
5798
4012
3485
1375
4167
3624
6995
2279
3885
3360
7029
3283
6956
4429
3594
3359
3856
4623
682
1985
4640
3637
1925
6384
4717
1497
1522
945
6231
5199
5314
4907
1660
5005
6259
1740
1535
2308
4964
6207
6575
6896
1194
1474
4061
2551
519
314
350
411
1716
5949
52
2721
2799
4358
5905
3771
3048
1612
4719
637
3630
6371
36
5632
3289
1144
130
2677
5023
4590
1313
1928
6197
1243
4080
4658
3955
4662
353
1858
6128
2947
1099
2221
4677
6305
2291
5346
3854
4424
3648
2452
1002
374
5452
3399
2593
4237
6003
1908
1705
3773
1308
2077
3598
3117
6385
1153
5904
5654
5134
6891
5989
938
2786
683
1409
4081
6050
1780
4156
1609
881
1050
5495
2521
735
3085
1045
6118
607
239
6636
5966
3725
1960
5300
6192
6881
2323
5779
2055
5051
3429
50
1385
2737
27
1433
6675
5484
650
4550
5237
6358
3260
5106
785
4434
754
2883
6470
4153
3625
3928
5320
3940
1083
3098
1252
5525
2097
453
337
4354
4449
2271
2430
1
2139
2780
6811
831
5806
4720
2416
4410
769
3742
2880
3964
4463
61
6480
5838
4007
1694
4266
1820
2119
3334
5982
1512
585
5045
4980
5972
2305
165
221
3542
4088
6023
1570
587
4535
1942
2064
3005
978
2492
1267
3870
1389
1080
3104
4198
2103
6723
465
1400
3363
2822
5706
3887
6599
3134
3602
1333
6450
371
5472
6963
7010
2881
123
5749
464
3475
2833
3112
5815
624
574
109
6474
1697
1429
4134
1865
3178
3273
2908
1337
2289
2852
3481
4405
6047
3186
6331
512
4511
3023
4539
6754
1488
4862
1981
5665
2866
5942
2460
5166
6527
3099
4072
2818
1386
3683
1947
5154
4389
5920
4133
919
5445
841
6841
5396
4966
5169
6582
2653
6294
6467
5910
4777
6980
5319
5110
5076
2093
2250
183
825
3788
451
2639
3176
2319
2357
508
1738
1130
5084
3754
5407
6584
3576
6847
2642
5560
951
1846
736
1759
3066
2956
4221
5811
1081
1838
4810
3015
185
5194
7035
2286
6247
1899
3639
729
823
4524
3789
6206
2435
1544
1531
3266
4972
2841
1038
6072
4552
3137
1967
6870
1911
267
3603
3830
1145
5256
777
4109
4385
1478
420
4894
4891
2437
5245
6506
5211
884
1650
6136
5980
3741
544
4764
5050
542
1336
120
1968
5923
5387
1652
2571
4187
5675
2565
2532
5333
2419
6175
1640
4689
1748
2007
6524
2557
4462
1219
1435
5304
2907
3668
779
1573
6169
41
3783
4250
5082
2717
5623
3880
5731
1329
5797
5802
2362
4941
1198
870
6805
4638
5867
2990
3779
3536
6428
852
6902
2723
2670
5842
3084
2253
466
553
4998
1200
2792
4886
3285
3491
6740
3586
6773
725
3564
6320
3920
2840
1148
3821
2776
3328
1424
2555
3306
3790
2912
2141
726
3585
3989
6947
6254
5698
2798
6705
3316
1931
5606
7017
865
6903
3917
1729
5514
6600
1269
5574
507
2386
781
5858
2327
6618
5845
851
357
2290
3133
1517
6278
525
7034
4693
667
5951
5386
1632
2025
2927
4750
2549
1154
1647
4973
4443
4357
4543
3835
1479
547
3487
3931
5862
5258
980
3655
2336
2335
6347
5171
3698
5532
3992
2987
460
6779
4044
894
6797
3734
4456
4883
578
2471
6370
3372
2599
6202
1509
5090
1094
2917
4765
7028
4578
2451
5007
2081
1286
3406
6337
1314
4926
4366
2837
1312
1553
1986
1944
1539
5930
3259
2691
4014
2368
2200
6160
2594
4073
4520
6296
1893
1717
4574
4086
4969
5609
809
1579
6140
6489
2998
833
2159
1136
5616
4419
5094
2275
1547
6708
5175
6533
6763
1181
4253
347
1007
209
140
316
1765
5285
263
4155
3380
6002
3697
5685
4075
5572
4336
1162
1463
6217
2778
3106
7025
5078
5994
6028
6052
2836
5676
6186
3386
4290
32
6182
6279
5065
1280
6541
5900
5765
5690
2110
4151
1926
5663
4416
5443
1098
628
4642
3331
2757
4780
4082
8
2823
4035
1830
6452
2589
583
3881
1122
2227
5656
5985
5927
4178
4707
5153
6284
1412
4704
6297
4052
4654
1904
4117
5564
6463
3950
233
4782
1878
6952
2858
3589
2660
3413
4776
5253
297
1919
364
2988
1124
336
6378
3826
2692
1689
4446
3268
5091
5877
5648
6268
1889
2566
2140
6184
2143
2304
5947
3780
1995
4739
1268
4164
82
1829
6850
920
6355
6009
922
2155
6595
1234
170
3463
1408
3556
4821
6694
1758
5354
2581
1681
1980
1193
6984
6274
362
3647
3017
5425
1168
2274
5190
3833
1727
3530
68
6543
4306
441
5508
6350
6351
5307
4876
4996
1387
3078
2438
5196
5924
867
7002
1540
331
4549
3102
2751
2831
121
6534
4099
3248
2412
5672
5518
998
3535
3149
4441
3404
1468
261
546
743
1257
960
4527
2328
3256
1853
619
1868
3067
4276
1588
768
3211
4659
2228
3063
6625
110
4273
3053
1461
1138
1118
5290
5619
3752
72
2853
3814
4601
1578
4903
2273
205
6820
2330
2997
5203
5052
5748
3390
80
2524
2631
3930
6172
2131
3943
2477
5992
1300
6510
6083
5689
489
1814
4802
6166
6458
4977
5426
3427
901
3616
2166
6481
5795
4175
4271
3753
5778
6688
65
5540
745
1793
2505
4911
5395
6380
4204
2365
333
4928
6035
3876
4889
549
3665
192
2939
3962
5030
6992
3115
1556
5501
550
229
973
3932
944
1331
4350
385
5915
1482
1598
4521
2108
4610
6565
5873
2772
679
2817
1572
2107
2916
1195
5760
1938
6733
5888
1761
5075
5355
6062
2791
4987
124
3148
4317
5303
3970
2861
4538
2580
5412
2292
1638
6760
6190
1834
4923
5791
3318
4690
2408
734
5538
3401
4938
6453
248
3392
840
3532
4732
292
2403
913
2150
788
4789
6855
6007
1978
1599
1491
2073
3759
4573
6137
1587
4475
4664
1806
19
48
3644
4825
5499
4360
645
6032
3366
5535
5414
5185
4063
204
40
1373
4255
6917
2586
3707
258
4257
3548
4992
1003
4817
4413
4346
3702
958
1750
6564
641
5335
6074
4299
6581
5526
265
2724
601
4736
2910
4513
4085
5856
2346
5691
463
3722
2340
5991
3730
4224
4766
5843
811
2683
2609
2958
4232
910
6933
6667
2190
1101
503
291
982
60
2417
926
5575
2554
5955
1455
844
5704
4021
4510
1994
6024
5617
91
4051
4337
6535
1339
3302
2170
3449
2698
4892
6178
5504
5405
2680
4128
6633
1374
1210
5660
1629
1979
928
6940
4682
2577
4603
1370
5088
6461
2712
3675
4161
2964
5137
2984
5817
1299
2120
1004
2975
4769
6017
4147
4633
3513
3959
6275
2800
5969
659
5988
4062
4773
1150
5534
6808
5121
4136
6493
6979
4779
3453
4502
3747
699
4738
1702
4148
4409
5151
5987
5768
6180
7012
3526
1000
2870
6528
4546
6216
1397
6134
6666
2459
6263
1158
57
3557
5829
226
440
4803
2314
5028
4897
2301
4916
2469
4406
1277
6611
4716
1061
431
38
5262
6413
6546
2462
6255
3847
2777
5101
4215
5434
6643
81
929
6185
6639
5652
571
2048
3916
6960
3055
5366
6267
2976
2393
3093
1567
2245
73
6081
4182
4797
3365
6988
568
4008
3465
2223
5208
5070
4078
4701
5687
4110
1746
1012
4160
2453
5315
9
1915
6168
1164
4234
4283
5644
6865
984
2443
3279
4077
6943
5668
3942
3252
775
6659
3605
5482
3580
3486
1699
791
756
3003
6879
5229
722
3958
1958
6167
6485
1358
6106
4855
6852
5774
2740
4353
2617
1787
573
3177
5695
3011
6336
2618
1208
2637
3030
5183
6928
1283
3831
4365
2900
4846
4681
5876
6843
1056
6004
434
649
1992
3498
6656
4671
961
2235
813
2187
2217
3209
5816
4932
1764
970
5359
581
6103
5329
1062
4186
976
1882
470
612
5773
2189
5471
2953
2696
4284
4517
5946
6689
3037
2816
5878
4097
937
2283
1826
1273
5568
1664
6144
5220
134
2266
1786
3684
5714
308
5099
1789
3370
4169
5295
5732
3364
1594
5390
906
5238
3440
907
750
3460
4403
5358
4650
5835
1364
4507
284
1350
5745
2363
4795
11
1423
2127
2394
5794
4493
4571
5061
5833
1406
2413
5257
1318
6605
606
3563
5626
889
590
3344
5550
1634
2122
1719
3896
4569
6860
343
3291
1841
5188
4696
2497
5269
373
5266
5826
2455
1888
444
5160
3052
3731
3714
3305
3981
1690
1723
6576
2606
4313
1637
3152
6174
6702
5170
6745
2339
716
4428
1628
369
4490
3131
6080
3651
3041
899
5810
3518
6735
4931
1440
4501
3395
1067
488
6655
3156
252
2745
286
4356
5848
1923
4914
509
3424
1643
3374
651
957
5140
6379
5352
4464
2620
298
5162
1693
6751
1469
2592
4267
4921
1111
3422
4498
5546
3579
6700
1021
2050
5591
5579
98
3622
4933
589
1432
2168
4506
5161
6324
4954
6596
2265
6098
6232
5327
1776
5916
3517
1982
2960
3929
6869
5764
5759
2333
4029
1306
3241
1561
4065
1187
6986
4957
4906
2381
5859
4213
1126
4579
1163
6104
2996
1734
6875
5475
25
454
4622
1760
4069
176
1626
2857
6966
5635
2846
1514
6015
4395
3689
2931
6391
114
366
6224
757
2041
3336
6574
6540
5369
2306
5513
5787
5830
552
1304
5860
4712
4451
111
5379
1039
875
3382
4300
164
1129
2428
1066
1395
5523
3432
5163
4
1072
203
6426
2367
5441
5297
4639
358
492
3118
5790
2380
1139
6906
800
4999
2345
657
4778
3782
6711
2809
703
5015
1796
1782
1063
1475
1554
4028
4055
4860
5630
4939
6195
6610
1767
6068
4818
1749
6265
6877
4093
5248
2633
4339
231
1906
1108
6652
702
174
6714
5821
6363
4947
3772
224
1231
3455
3666
4130
5500
4219
5460
2433
367
3165
1103
818
2824
3007
685
977
131
5655
3459
5130
3407
139
2851
921
6479
2925
313
6127
2129
5743
163
644
6322
2520
6920
6187
3040
7005
2559
1205
4481
1745
3197
2017
2707
2758
280
3652
6065
738
6042
4915
1149
541
1667
6898
3026
4832
2285
5264
6133
4163
2644
4087
2979
1881
6608
1420
352
3527
3650
2158
2138
3493
995
49
6512
69
3967
2154
89
3968
3129
4734
5377
144
1837
3632
4430
4691
5738
2486
2906
3998
4030
5424
4838
6422
77
684
633
1883
4833
593
3606
2802
524
1709
4212
5054
5903
4472
6211
3425
2826
1856
2373
5637
4112
2406
4981
5184
5543
5483
3770
5216
93
3966
2797
365
327
3153
268
3709
3879
2933
6621
962
5289
2152
4098
6407
2930
3883
3087
1633
1778
5584
1933
790
2432
3983
917
349
2897
6441
2850
2839
5132
3949
5410
3787
2978
2515
6549
4614
3882
2664
691
971
4499
3071
3013
6873
1703
2176
6936
5022
6114
517
5167
5997
987
4566
4731
2002
834
6913
698
6514
167
3583
4037
915
5039
4687
4670
1790
6483
4827
6747
1159
1500
908
2523
5041
6802
6303
1221
3804
4516
6277
5259
197
3805
4495
1393
3411
4067
3813
3185
6361
1877
611
122
4489
5343
301
5328
6352
1254
3808
6016
6451
4895
6719
2892
6718
5157
4298
4470
1508
6663
6607
408
1391
138
814
4006
6839
3024
2636
3261
2641
1566
527
3244
3157
2920
2233
3004
5260
2528
5087
3253
3897
3627
6454
6105
654
2094
2061
1183
3018
2622
7011
6696
3480
3274
3538
4452
6346
2421
3194
3206
6273
3818
1459
5544
5901
6459
1415
3619
2123
5172
782
3692
3039
7033
3287
1946
1051
6330
6994
5332
5411
6834
3621
521
2136
1082
2206
6783
4349
660
4929
3207
5841
3303
3859
5870
6927
1023
5763
5696
6946
5505
5918
4228
1343
1247
2993
623
2030
6577
687
6567
2763
4188
4530
1615
6315
3492
4142
5775
918
3786
5581
2788
3383
2348
843
5024
2911
5970
6405
4459
4348
3337
3795
6183
3044
1668
6354
4468
1354
3376
1291
2384
4119
1670
3700
6148
2688
1756
499
4116
436
6000
5195
2584
6113
748
2446
837
4763
4105
5945
1977
4101
5463
484
3500
3925
895
2148
3593
125
3278
4402
3173
5851
6921
3389
3200
2028
6753
3712
2089
5209
1825
3728
2889
5247
6598
6691
1695
6121
2199
674
43
1112
4783
3592
7003
6408
1292
3636
4201
4901
5567
4305
1207
4791
3234
1396
5783
3994
6871
6545
5755
2449
4655
997
4094
6616
3751
752
461
4436
6472
1018
3341
3653
3975
157
3979
5762
1939
4676
5019
1485
3350
5761
783
1119
952
5651
626
1086
861
4100
5569
6838
6491
2337
4801
3971
6455
5326
4016
1584
334
5103
1490
3254
1523
3860
4605
2296
1416
5393
5193
2463
6983
6288
539
5585
2331
3199
1204
4785
2540
6934
6027
2971
2478
2513
1275
3032
3001
3993
6594
533
418
1862
244
986
1229
1592
6914
6225
850
771
598
677
5746
6353
6715
955
3663
5074
1206
5662
3549
1180
2689
1059
6457
1807
3398
1654
6647
6222
1320
2277
6159
6542
2813
2392
2182
6449
2808
450
1784
5886
4934
705
1096
6887
1088
5382
6245
615
3264
4325
142
259
5735
4106
3242
6765
5733
3568
6526
3201
2546
529
2662
5751
5476
2732
83
3373
925
6360
207
2552
3396
4978
565
1501
5310
4836
2196
5404
2297
680
4984
2634
2714
3701
3146
1833
5793
5150
1872
4120
2550
4243
2192
1189
2243
6071
1569
3187
4666
4904
2739
3750
6319
3565
4822
1691
2001
4146
796
4200
5340
5990
2635
4254
6592
4096
1551
5336
6681
2970
4667
2372
2410
5397
532
923
311
1744
6049
2213
2730
3006
710
3810
429
3203
5818
3168
5857
4518
344
4002
2935
3346
1495
905
2046
4111
5999
5486
561
5156
3323
1031
6365
6001
946
1614
4304
2220
4328
1053
4261
5419
6809
6737
6490
382
4737
2616
1675
2212
6189
155
4761
6261
4950
832
1641
5093
2879
3726
3674
5828
1516
64
5003
3673
993
6362
354
5983
5770
5709
5296
3837
1861
472
3705
2787
1902
5893
5356
1353
6229
3877
3265
2208
180
4943
4207
5473
5131
2815
2079
842
3025
4930
6971
6257
6334
1323
6889
6335
6806
4971
700
3809
5021
835
6640
6669
5391
3457
476
5139
4417
4840
5071
673
836
71
2374
1169
6342
6519
5018
2180
3710
3132
5437
592
3927
4083
6246
277
421
706
3147
6203
3269
5736
2018
4991
1557
3713
4319
1983
964
1802
5604
1552
5368
5612
4387
2496
746
5014
6782
2621
4837
1410
4033
380
2342
3448
1874
1281
4177
1653
6338
6271
5684
240
1884
6366
1886
1405
6495
6212
4285
943
412
1867
5636
5096
3659
2591
2293
2167
6243
426
2781
6477
6142
137
6931
580
3183
2479
6235
896
6205
556
4484
6558
3358
4332
4869
4165
4641
5144
5158
2039
5844
6626
3123
5641
5081
1371
2864
473
4268
1220
5235
2986
6341
3367
1030
6662
283
4679
1990
1011
3000
2754
1425
2784
5866
1619
4602
4248
5073
2329
6412
5954
988
6447
5324
53
2922
3458
1635
2164
2248
860
5872
5325
6588
4372
1993
3002
4236
4312
3871
100
1001
5416
1920
4084
849
3681
566
543
3384
3765
1562
3313
2238
4124
172
5554
6573
5533
4684
2121
2034
6553
4663
2312
4089
4898
5673
5276
1175
44
2085
5294
1788
6439
3225
1140
2865
257
821
2806
1202
2518
101
1739
3423
4015
2588
1466
2231
6641
2313
4376
5455
829
2697
12
3604
193
2570
4115
287
635
6256
588
119
1683
6053
6124
2729
3245
5592
1487
3946
5730
6058
2685
1444
2886
1851
3073
629
5219
282
6918
2801
1651
3997
4589
2442
2747
1439
1622
2640
4301
6131
3687
794
6402
2541
4514
6727
1470
2856
6695
5006
410
4229
4091
4482
106
2023
2215
7004
4314
563
5429
1502
395
4857
6281
4927
1815
4808
3375
4559
3223
14
3590
2630
3664
1185
4661
6562
5479
5111
415
6910
506
4553
2444
5
1319
3064
3031
886
4364
4672
6874
5593
3079
4373
2004
1120
932
3823
536
423
4523
2893
1742
2360
386
3495
5127
3762
2645
3676
5599
3035
397
6523
5979
569
4645
1568
260
3494
6741
4896
4715
5625
5147
4632
4191
4910
3669
0
5398
1465
5142
6309
4329
3936
6686
5409
342
1857
6781
4184
2811
3202
1595
4222
3716
2252
723
1753
4277
6219
2595
5438
5062
6099
4900
6916
3182
3657
5100
5645
1519
4557
128
419
2537
5468
5913
5311
856
2576
218
1403
5461
2719
2498
1437
1616
3961
1230
175
6446
4486
5255
4537
2756
1027
1972
1769
2309
1510
3479
6872
219
2351
6878
765
274
6882
939
1630
1887
4316
6998
3764
4949
5293
817
3190
5657
2466
5159
1741
2068
4205
3347
1203
405
6078
5384
4600
5013
4092
3212
5031
1521
1073
4865
1010
6108
6048
2353
471
3081
7023
5907
1822
2350
1434
3288
63
2101
3439
3901
2543
2810
2934
225
6813
4660
3299
1311
638
6930
300
6443
1525
1454
5280
5624
6326
4757
627
4476
4238
5446
4258
4024
6725
2251
806
1718
5967
1253
4942
3990
582
4296
227
1910
1536
1092
2197
5215
1777
3281
3036
5756
3145
4335
3544
4246
4953
2656
4202
2461
4745
6177
4628
5976
2096
2713
154
5286
6803
808
4256
5614
772
3784
3226
5180
5836
6899
4706
1821
4275
2650
5210
3611
1586
6440
675
234
5413
6722
1419
2490
6919
4190
4834
2862
5011
5718
513
5360
1064
249
6939
2827
5372
5466
2458
2674
6752
4500
4811
2102
4141
1831
2989
642
5353
6088
1110
5885
4806
4391
1688
1824
3159
4888
2938
4435
990
6151
6924
1213
3270
950
5582
2153
4727
7020
3312
151
6766
1575
6014
859
5436
2434
6070
1555
2147
490
4922
5012
2062
4440
2675
2766
4060
5033
1680
4647
1710
640
1545
2598
6388
5813
3595
1266
5864
4700
1679
6880
2704
1097
1472
3192
4118
846
2643
5697
4813
2149
715
6770
4665
2942
6029
4970
4823
4039
2597
2928
1036
1620
1639
2793
6836
5610
897
4767
6030
6425
2095
888
5036
6250
3437
505
6778
6209
714
6609
6985
310
5638
5421
4560
161
5122
29
5961
3327
5556
3300
2538
2116
5744
3905
2968
5589
2321
20
3682
1451
5380
3588
1596
2396
1973
2399
4270
5225
5104
3547
6888
2657
5562
2201
3243
1771
2195
4839
4612
3567
5057
6661
171
1773
2514
1754
3166
4814
3617
4522
2574
5206
1019
6359
575
3431
3446
3415
4613
181
147
3357
5681
4726
4824
3060
1836
1133
2033
4529
435
6774
46
246
6613
6645
4630
3298
4001
4421
5545
5317
6987
6706
5241
6087
1228
1276
3806
3139
2137
2445
335
1143
6494
1236
3246
5202
1290
3430
845
4587
3468
2741
4798
1261
2162
5705
5124
3074
5669
1543
1106
6430
5693
6885
5467
158
3736
4741
3497
102
2845
3478
4485
983
5855
1644
1605
3436
2080
2682
4937
4710
6157
2083
2468
6462
76
315
6150
5772
941
731
2503
3150
5263
2278
5337
5996
3640
4327
3634
1676
2398
3721
5912
6835
5712
3477
3895
2529
6671
6602
1839
1715
4388
5627
5270
4771
1809
5959
6417
3216
4009
3196
4842
1804
5222
2065
953
5364
4828
1238
3939
4533
6503
992
2531
2205
3387
5792
4509
1998
6837
666
4090
2952
2262
4351
6670
3918
2338
4758
4505
665
4192
6653
5406
531
6821
1362
6392
6941
4176
6357
5249
5080
2009
2343
6632
6555
4166
3469
3615
5423
3571
6762
3065
6437
3846
2863
2124
3735
2480
1892
4607
384
4196
5201
6122
2895
5351
3325
1686
5392
2354
6954
2820
2324
3075
1366
1378
3613
1068
7022
6204
3926
479
4019
1549
409
5113
23
1713
887
4252
4784
5586
688
6333
6815
787
5804
6041
4162
6593
407
1604
4363
892
4145
600
1218
4854
967
2057
5457
3280
5670
3785
5213
6929
1197
1975
869
4448
1714
3703
4497
6158
4864
4504
5897
6786
2232
596
1274
5530
526
6991
3519
5433
3596
2876
1048
6788
933
3851
6498
676
168
2573
3691
2183
2261
1891
6755
780
5146
1349
891
2104
4975
5726
4826
5302
4034
3631
766
452
1182
6935
2560
2151
90
2042
764
1988
4343
959
1302
2974
6241
1538
4790
2156
1156
3873
2294
5242
458
4643
6306
4292
5879
2632
5292
1696
2899
1244
2489
3503
5682
617
2915
4013
6423
5283
1352
5086
1879
5334
2830
4718
1167
3545
3161
3377
1840
3699
3072
5678
3107
3056
6569
5487
882
4404
3141
4027
3388
6045
5869
3874
5251
528
448
6258
2012
3108
4982
3531
2896
2214
751
4020
4848
4568
853
425
2087
1170
6557
4239
4320
936
3559
493
6742
5939
2517
6290
2006
3435
166
483
5321
394
3167
5742
2539
3125
5537
4577
1583
4251
621
433
2909
5114
6349
5700
5274
6517
247
4723
5155
3797
4944
4702
5417
3311
4874
5993
5889
5854
3507
1645
1706
1952
2875
5164
5135
2767
4703
6492
4618
3174
4249
2487
3338
4852
6993
6301
5427
3755
2264
1340
3008
1656
2091
1737
749
824
2742
4289
2112
1657
5711
1214
4598
3745
5898
760
1326
3255
3769
5444
1819
1954
2456
5189
5250
4881
4653
2470
6156
5601
3529
5995
4792
3228
1303
2300
4322
4649
1817
430
5301
4841
4342
5837
4905
3061
4408
2504
4230
4694
3656
1795
6215
413
6132
604
5059
2395
3113
116
3127
62
4295
5933
6697
6282
4220
6011
1828
2544
477
332
4877
1105
5239
5692
294
5769
3181
4381
6959
5615
1989
5871
7024
5549
3464
4755
6500
6343
2485
1058
1601
3843
6687
235
6651
3021
2655
3110
730
1949
956
776
6758
761
4835
3233
1607
3213
1808
5701
3738
3890
2785
6377
4861
3620
104
4467
22
4724
2508
3582
5789
6066
4591
4629
4264
6442
2178
584
1953
5919
2495
1783
6386
5308
4878
6505
6013
610
4195
2135
5439
2240
4562
4503
4721
2779
2663
5515
6188
4438
2130
4536
2370
6138
5634
6864
1520
5674
2607
6208
3420
5009
6901
1842
6504
2601
994
4582
6981
1179
4686
6299
639
3175
3875
3038
5048
6825
3483
4217
5037
728
591
2005
6143
276
6438
2708
2624
1918
5120
1800
848
1890
2526
2133
3101
4872
2249
2937
2686
5965
701
6313
2623
1233
2859
6844
3649
4648
5667
2773
4384
1546
3230
5060
2454
622
6466
3355
3900
4547
2246
2715
4788
3224
5001
2015
6055
863
1864
709
2556
2315
475
4362
3339
4542
6698
4868
6141
6061
2145
5680
6399
4265
1095
3499
3899
3858
2422
3267
4244
2726
3642
4121
2734
5102
5539
2755
4331
3505
4940
4816
1855
5880
3326
2397
2259
2020
2666
577
5716
5077
4747
1381
3739
6291
2789
1271
3551
4986
3369
3766
5105
2000
6436
6614
70
6375
5174
3086
522
6316
2951
6536
1935
6571
656
2579
6785
2032
2888
5312
802
3371
2903
2191
2371
5388
3952
6859
4302
6554
5125
893
2929
5839
2383
1565
3749
6767
4311
6795
669
6345
784
4596
6248
6448
1950
3215
2728
6701
3205
758
6300
5168
6170
608
3869
2106
5116
2299
1477
5494
1747
3988
2317
2267
1037
4668
5809
6619
2587
2905
1593
4303
1240
4398
3645
5227
6775
1533
5128
2651
1430
6848
7030
1079
1115
822
6520
5115
5459
200
2494
5179
2272
3719
4743
6977
383
3891
6093
6958
2561
2530
1013
253
6580
1898
2320
1564
1338
4308
2946
6563
979
770
6704
3160
1671
6387
361
4919
4830
4183
6317
3995
3662
2887
2980
6925
3103
900
5750
208
3807
5647
2533
318
5489
6790
2115
3849
594
3509
4597
4010
2819
459
4993
876
2646
2693
3490
6373
5780
3986
1725
5348
6039
4235
1297
2926
5432
2619
1449
1091
6801
6989
1074
3744
5688
4269
3047
1351
2385
3488
3408
690
199
3811
2652
143
947
3792
4397
5117
4515
3911
4976
759
670
5852
4853
1390
1034
5200
3948
6264
2973
6410
5658
348
4644
3445
3471
4762
5570
6069
7018
2440
2404
127
5823
4967
5758
1669
4875
4683
985
4725
6432
4442
1422
3456
2070
6912
6780
4751
1558
4379
33
2198
5887
2672
6339
1135
1334
5056
2288
3991
4138
1646
3353
3473
1177
5233
6531
6094
1022
1071
5497
1165
4247
6038
4281
874
5820
5659
2426
7015
2415
3097
1971
3282
340
557
6509
4103
535
5527
4575
3570
6591
3502
807
5937
4159
3111
4656
2936
6419
6538
1934
162
6179
302
1008
2572
5267
3297
5892
1260
3276
5357
96
2219
3834
345
6800
5422
3142
5502
2054
118
2229
6845
537
4355
4197
1905
4913
321
1377
2224
5914
2684
6853
2625
5236
75
6478
6369
6269
1912
2749
1541
1438
1025
3204
5273
4985
1941
1506
5894
5181
6272
3516
3304
2509
4018
1174
3573
2536
2605
3231
278
1813
5385
5224
5306
1527
2472
2878
5047
6415
304
3393
2302
5186
1442
2610
437
414
6964
5536
755
1445
2522
6851
4158
4863
3210
2418
4990
1249
2695
646
1270
3092
3029
262
3467
2716
6552
396
2507
2099
3262
1211
3672
5557
108
4708
2569
487
4800
1896
1757
6393
6794
6398
3324
5727
5863
1328
4046
2603
2322
562
6690
534
3236
737
3482
5777
6548
1940
4393
3600
1305
5456
5925
1597
742
1964
1559
341
5686
3511
1582
935
5590
1117
2287
4127
3515
6073
5646
6677
6051
3638
3062
1574
4461
5176
1296
320
4951
6107
6818
5323
2534
99
5490
2160
4068
5480
4735
6703
6515
1157
5710
4952
707
1015
3693
6876
4022
3832
6076
6382
801
1708
3791
647
4477
4211
1147
898
4496
5694
457
6307
6683
6126
6084
708
696
4616
5008
5618
1359
3033
4948
5284
293
5035
5719
3562
5507
6064
2948
1673
4968
4287
189
693
4528
5402
5053
5034
4321
2940
862
5971
795
